die_x,die_y,BinState
90,78,P
92,75,P
93,73,P
94,71,P
95,69,P
95,68,P
96,66,P
96,65,P
97,63,P
97,62,P
97,61,P
98,59,P
98,58,P
98,57,P
98,56,P
98,55,P
98,54,P
98,53,P
98,52,P
98,51,P
98,50,P
98,49,P
98,48,P
98,47,P
98,46,P
98,45,P
98,44,P
97,44,P
97,43,P
97,42,P
97,41,P
97,40,P
97,39,P
96,39,P
96,38,P
96,37,P
96,36,P
95,36,P
95,35,P
95,34,P
95,33,P
94,33,P
94,32,P
94,31,P
93,31,P
93,30,P
93,29,P
92,29,P
92,28,P
91,28,P
91,27,P
91,26,P
90,26,P
90,25,P
90,24,P
89,24,P
89,23,P
88,23,P
88,22,P
87,22,P
87,21,P
87,20,P
86,20,P
86,19,P
85,19,P
85,18,P
84,18,P
83,18,P
82,18,P
81,18,P
81,17,P
81,16,P
81,15,P
80,15,P
80,14,P
79,14,P
79,13,P
78,13,P
78,12,P
77,12,P
76,12,P
76,11,P
75,11,P
75,10,P
74,10,P
73,10,P
73,9,F
72,9,P
71,9,P
71,8,P
70,8,P
69,8,P
69,7,P
68,7,P
67,7,P
66,7,P
66,6,P
65,6,P
64,6,P
63,6,P
63,5,P
62,5,P
61,5,P
60,5,P
58,6,P
57,6,P
57,5,P
56,5,P
55,5,P
54,5,P
53,5,P
52,5,P
51,5,P
50,5,P
49,5,P
48,5,P
47,5,P
46,5,P
45,5,P
44,5,P
43,5,P
41,6,P
40,6,P
39,6,P
38,6,P
36,7,P
35,7,P
33,8,P
32,8,P
30,9,P
28,10,P
26,11,P
17,18,P
13,23,P
13,24,P
14,24,P
17,22,P
19,21,P
19,22,P
21,21,P
22,21,P
24,20,P
25,20,P
26,20,P
27,20,P
29,19,P
30,19,P
31,19,P
32,19,P
33,19,P
34,19,P
35,19,P
36,19,P
37,19,P
38,19,P
39,19,P
40,19,P
41,19,P
42,19,P
43,19,P
43,20,P
44,20,P
45,20,P
46,20,P
47,20,P
48,20,P
48,21,P
49,21,P
50,21,P
51,21,P
51,22,P
52,22,P
53,22,P
54,22,P
54,23,P
55,23,P
56,23,P
56,24,P
57,24,P
58,24,P
58,25,P
59,25,P
60,25,P
60,26,P
61,26,P
61,27,P
62,27,P
63,27,P
63,28,P
64,28,P
64,29,P
65,29,P
65,30,P
66,30,P
66,31,P
66,32,P
66,33,P
67,33,P
68,33,P
69,33,P
70,33,P
70,34,P
71,34,P
71,35,P
72,35,P
72,36,P
72,37,P
73,37,P
73,38,P
74,38,P
74,39,P
75,39,P
75,40,P
75,41,P
76,41,P
76,42,P
76,43,P
77,43,P
77,44,P
78,44,P
78,45,P
78,46,P
79,46,P
79,47,P
79,48,P
80,48,P
80,49,P
80,50,P
80,51,P
81,51,P
81,52,P
81,53,P
81,54,P
82,54,P
82,55,P
82,56,P
82,57,P
82,58,P
82,59,P
83,59,P
83,60,P
83,61,P
83,62,P
83,63,P
83,64,P
83,65,P
83,66,P
83,67,P
83,68,P
83,69,P
83,70,P
83,71,P
83,72,P
83,73,P
83,74,P
82,76,P
82,77,P
82,78,P
81,80,P
81,81,P
80,83,P
80,84,P
79,86,P
78,88,P
77,90,P
77,89,P
75,90,P
75,89,P
75,88,P
76,86,P
76,85,P
77,83,P
77,82,P
77,81,P
78,79,P
78,78,P
78,77,P
78,76,P
78,75,P
78,74,P
78,73,P
78,72,P
78,71,P
78,70,P
78,69,P
78,68,P
78,67,P
78,66,P
78,65,P
78,64,P
77,64,P
77,63,P
77,62,P
77,61,P
77,60,P
77,59,P
76,59,P
76,58,P
76,57,P
76,56,P
75,56,P
75,55,P
75,54,P
75,53,P
74,53,P
74,52,P
74,51,P
73,51,P
73,50,P
73,49,P
72,49,P
72,48,P
71,48,P
71,47,P
71,46,P
70,46,P
70,45,P
70,44,P
69,44,P
69,43,P
68,43,P
68,42,P
67,42,P
67,41,P
67,40,P
66,40,P
66,39,P
65,39,P
65,38,P
64,38,P
63,38,P
62,38,P
61,38,P
61,37,P
61,36,P
61,35,P
60,35,P
60,34,P
59,34,P
59,33,P
58,33,P
58,32,P
57,32,P
56,32,P
56,31,P
55,31,P
55,30,P
54,30,P
53,30,P
53,29,P
52,29,P
51,29,P
51,28,P
50,28,P
49,28,P
49,27,P
48,27,P
47,27,P
46,27,P
46,26,P
45,26,P
44,26,P
43,26,P
43,25,P
42,25,P
41,25,P
40,25,P
39,25,P
38,25,P
38,24,P
37,24,P
36,24,P
35,24,P
34,24,P
33,24,P
32,24,P
31,24,P
30,24,P
29,24,P
28,24,P
27,24,P
26,24,P
25,24,P
24,24,P
22,25,P
21,25,P
20,25,P
19,25,P
17,26,P
16,26,P
14,27,P
13,27,P
11,28,P
8,32,P
10,32,P
10,33,P
12,32,F
13,32,P
14,32,P
15,32,P
17,31,P
18,31,P
19,31,P
20,31,P
21,31,P
22,31,P
23,31,P
24,31,P
25,31,P
26,31,F
27,31,P
28,31,P
29,31,P
30,31,P
31,31,P
31,32,P
32,32,P
33,32,P
34,32,P
35,32,P
36,32,P
36,33,P
37,33,P
38,33,P
39,33,P
39,34,P
40,34,P
41,34,P
42,34,P
42,35,P
43,35,P
44,35,P
44,36,P
45,36,P
46,36,P
46,37,P
47,37,P
48,37,P
48,38,P
49,38,P
49,39,P
50,39,P
51,39,P
51,40,P
52,40,P
52,41,P
53,41,P
53,42,P
54,42,P
54,43,P
54,44,P
54,45,P
55,45,P
56,45,P
57,45,P
58,45,P
58,46,P
59,46,P
59,47,P
60,47,P
60,48,P
60,49,P
61,49,P
61,50,P
62,50,P
62,51,P
63,51,P
63,52,P
63,53,P
64,53,P
64,54,P
64,55,P
65,55,P
65,56,P
66,56,P
66,57,P
66,58,P
67,58,P
67,59,P
67,60,P
68,60,P
68,61,P
68,62,P
68,63,P
69,63,P
69,64,P
69,65,P
69,66,P
70,66,P
70,67,P
70,68,P
70,69,P
70,70,P
70,71,P
71,71,P
71,72,P
71,73,P
71,74,P
71,75,P
71,76,P
71,77,P
71,78,P
71,79,P
71,80,P
71,81,P
71,82,P
71,83,P
71,84,P
71,85,P
71,86,P
70,88,P
70,89,P
70,90,P
69,92,P
69,93,P
71,93,P
64,95,P
66,91,P
65,91,P
65,90,P
65,89,P
65,88,P
65,87,P
65,86,P
65,85,P
65,84,P
65,83,P
65,82,P
65,81,P
65,80,P
65,79,P
65,78,P
65,77,P
64,77,P
64,76,P
64,75,P
64,74,P
64,73,P
64,72,P
63,72,P
63,71,P
63,70,P
63,69,P
62,69,P
62,68,P
62,67,P
62,66,P
61,66,P
61,65,P
61,64,P
60,64,P
60,63,P
60,62,P
59,62,P
59,61,P
58,61,P
58,60,P
58,59,P
57,59,P
57,58,P
57,57,P
56,57,P
56,56,P
55,56,P
55,55,P
54,55,P
54,54,P
54,53,P
53,53,P
53,52,P
52,52,P
52,51,P
51,51,P
50,51,P
49,51,P
48,51,P
48,50,P
48,49,P
48,48,P
47,48,P
47,47,P
46,47,P
46,46,P
45,46,P
45,45,P
44,45,P
43,45,P
43,44,P
42,44,P
42,43,P
41,43,P
40,43,P
40,42,P
39,42,P
38,42,P
38,41,F
37,41,P
36,41,P
36,40,P
35,40,P
34,40,P
33,40,P
33,39,P
32,39,P
31,39,P
30,39,P
30,38,P
29,38,P
28,38,P
27,38,P
26,38,P
25,38,P
25,37,P
24,37,P
23,37,P
22,37,P
21,37,P
20,37,P
19,37,P
18,37,P
17,37,F
16,37,F
15,37,P
14,37,P
13,37,P
12,37,P
11,37,P
9,38,P
6,40,P
5,39,P
6,45,P
9,44,P
8,46,P
8,47,P
9,47,P
10,47,P
11,47,P
12,47,P
13,47,P
14,47,P
15,47,P
15,48,P
16,48,P
17,48,P
18,48,P
19,48,P
20,48,P
20,49,P
21,49,P
22,49,P
23,49,P
23,50,P
24,50,P
25,50,P
26,50,P
26,51,P
27,51,P
28,51,P
28,52,P
29,52,P
30,52,P
30,53,P
31,53,P
31,54,P
31,55,P
32,55,P
32,56,P
33,56,P
34,56,P
34,57,P
35,57,F
35,58,F
36,58,F
36,59,P
37,59,P
37,60,P
37,61,F
37,62,P
38,62,F
39,62,P
40,62,P
41,62,P
41,63,P
42,63,P
42,64,P
43,64,P
43,65,P
43,66,P
44,66,P
44,67,F
45,67,P
45,68,P
46,68,P
46,69,P
46,70,P
47,70,P
47,71,P
47,72,P
48,72,P
48,73,P
49,73,P
49,74,P
49,75,P
50,75,P
50,76,P
49,78,P
50,78,P
50,79,P
50,80,P
50,81,P
51,81,P
51,82,P
51,83,P
51,84,P
52,84,P
52,85,P
52,86,P
52,87,P
52,88,P
52,89,P
53,89,P
53,90,P
53,91,P
53,92,P
53,93,P
53,94,P
53,95,P
53,96,P
58,93,P
55,97,P
50,96,P
47,97,P
48,94,P
45,96,P
43,97,P
42,97,P
42,96,P
42,95,P
42,94,P
41,94,P
41,93,P
41,92,P
41,91,P
40,91,P
40,90,P
40,89,P
40,88,P
39,88,P
39,87,P
39,86,P
38,86,P
38,85,P
38,84,P
37,84,P
37,83,P
36,83,F
36,82,F
36,81,F
35,81,F
35,80,F
35,79,F
34,79,P
34,78,P
33,78,P
33,77,P
32,77,P
32,76,P
32,75,P
31,75,P
31,74,F
30,74,P
30,73,P
29,73,P
28,73,P
27,73,P
26,73,P
26,72,P
26,71,P
26,70,P
25,70,P
25,69,P
24,69,P
24,68,P
23,68,P
23,67,P
22,67,P
21,67,P
21,66,P
20,66,P
20,65,P
19,65,P
18,65,P
18,64,P
17,64,P
16,64,P
16,63,P
15,63,P
14,63,P
14,62,P
13,62,P
12,62,P
11,62,P
11,61,P
10,61,P
9,61,P
8,61,P
8,60,P
7,60,P
6,60,P
5,60,P
10,53,P
9,53,P
7,54,P
4,56,P
5,52,P
5,63,P
7,64,P
9,64,P
12,63,P
11,65,P
10,67,P
9,69,P
9,70,P
9,71,P
9,72,P
10,72,P
10,73,P
11,73,P
12,73,P
12,74,P
13,74,P
13,75,P
14,75,P
15,75,P
15,76,P
16,76,P
16,77,P
17,77,P
17,78,P
18,78,P
18,79,P
18,80,P
18,81,P
19,81,P
20,81,P
21,81,P
22,81,P
22,82,P
23,82,P
23,83,P
24,83,P
24,84,P
24,85,P
25,85,P
25,86,P
26,86,P
26,87,P
27,87,P
27,88,P
35,82,P
35,83,F
35,84,F
36,84,F
36,85,P
37,85,P
37,86,P
37,87,P
37,88,P
37,89,P
36,91,P
35,93,P
34,95,P
37,94,P
38,95,P
40,96,P
27,91,P
24,90,P
24,86,P
23,84,P
21,84,P
19,84,P
18,82,P
15,82,P
14,80,P
14,76,P
11,75,P
89,79,P
91,76,P
92,74,P
93,72,P
94,70,P
94,69,P
95,67,P
95,66,P
96,64,P
96,63,P
96,62,P
97,60,P
97,59,P
97,58,P
97,57,P
97,56,P
97,55,P
97,54,P
97,53,P
97,52,P
97,51,P
97,50,P
97,49,P
97,48,P
97,47,P
97,46,P
97,45,P
96,45,P
96,44,P
96,43,P
96,42,P
96,41,P
96,40,P
95,40,P
95,39,P
95,38,P
95,37,P
94,37,P
94,36,P
94,35,P
94,34,P
93,34,P
93,33,P
93,32,P
92,32,P
92,31,P
92,30,P
91,30,P
91,29,P
90,29,P
90,28,P
90,27,P
89,27,P
89,26,P
89,25,P
88,25,P
88,24,P
87,24,P
87,23,P
86,23,P
86,22,P
86,21,P
85,21,P
85,20,P
84,20,P
84,19,P
83,19,P
82,19,P
81,19,P
80,19,P
80,18,P
80,17,P
80,16,P
79,16,P
79,15,P
78,15,P
78,14,P
77,14,P
77,13,P
76,13,P
75,13,P
75,12,P
74,12,P
74,11,P
73,11,P
72,11,P
72,10,P
71,10,P
70,10,P
70,9,P
69,9,P
68,9,P
68,8,P
67,8,P
66,8,P
65,8,P
65,7,P
64,7,P
63,7,P
62,7,P
62,6,P
61,6,P
60,6,P
59,6,P
57,7,P
56,7,P
56,6,P
55,6,P
54,6,P
53,6,P
52,6,P
51,6,P
50,6,P
49,6,P
48,6,P
47,6,P
46,6,P
45,6,P
44,6,P
43,6,P
42,6,P
40,7,P
39,7,P
38,7,P
37,7,P
35,8,P
34,8,P
32,9,P
31,9,P
29,10,P
27,11,P
25,12,P
16,19,P
12,24,P
12,25,P
13,25,P
16,23,P
18,22,P
28,14,P
29,14,P
31,13,P
32,13,P
33,13,P
34,13,P
36,12,P
37,12,P
38,12,P
39,12,P
40,12,P
41,12,P
42,12,P
43,12,P
44,12,P
45,12,P
46,12,P
47,12,P
48,12,P
49,12,P
50,12,P
50,13,P
51,13,P
52,13,P
53,13,P
54,13,P
55,13,P
55,14,P
56,14,P
57,14,P
58,14,P
58,15,P
59,15,P
60,15,P
61,15,P
61,16,P
62,16,P
63,16,P
63,17,P
64,17,F
65,17,P
65,18,P
66,18,P
67,18,P
67,19,P
68,19,P
68,20,P
69,20,P
70,20,P
70,21,P
71,21,P
71,22,P
72,22,P
72,23,P
73,23,P
73,24,P
73,25,P
73,26,P
74,26,P
75,26,P
76,26,P
77,26,P
77,27,P
78,27,P
78,28,P
79,28,P
79,29,P
79,30,P
80,30,P
80,31,P
81,31,P
81,32,P
82,32,P
82,33,P
82,34,P
83,34,P
83,35,P
83,36,P
84,36,P
84,37,P
85,37,P
85,38,P
85,39,P
86,39,P
86,40,P
86,41,P
87,41,P
87,42,P
87,43,P
87,44,P
88,44,P
88,45,P
88,46,P
88,47,P
89,47,P
89,48,P
89,49,P
89,50,P
89,51,P
89,52,P
90,52,P
90,53,P
90,54,P
90,55,P
90,56,P
90,57,P
90,58,P
90,59,P
90,60,P
90,61,P
90,62,P
90,63,P
90,64,P
90,65,P
90,66,P
90,67,P
89,69,P
89,70,P
89,71,P
88,73,P
88,74,P
87,76,P
87,77,P
86,79,P
85,81,P
84,83,P
82,86,P
76,90,P
74,91,P
74,90,P
74,89,P
75,87,P
75,86,P
76,84,P
76,83,P
76,82,P
77,80,P
77,79,P
77,78,P
77,77,P
77,76,P
77,75,P
77,74,P
77,73,P
77,72,P
77,71,P
77,70,P
77,69,P
77,68,P
77,67,P
77,66,P
77,65,P
76,65,P
76,64,P
76,63,P
76,62,P
76,61,P
76,60,P
75,60,P
75,59,P
75,58,P
75,57,P
74,57,P
74,56,P
74,55,P
74,54,P
73,54,P
73,53,P
73,52,P
72,52,P
72,51,P
72,50,P
71,50,P
71,49,P
70,49,P
70,48,P
70,47,P
69,47,P
69,46,P
69,45,P
68,45,P
68,44,P
67,44,P
67,43,P
66,43,P
66,42,P
66,41,P
65,41,P
65,40,P
64,40,P
64,39,P
63,39,P
62,39,P
61,39,P
60,39,P
60,38,P
60,37,P
60,36,P
59,36,P
59,35,P
58,35,P
58,34,P
57,34,P
57,33,P
56,33,P
55,33,P
55,32,P
54,32,P
54,31,P
53,31,P
52,31,P
52,30,P
51,30,P
50,30,P
50,29,P
49,29,P
48,29,P
48,28,P
47,28,P
46,28,P
45,28,P
45,27,P
44,27,P
43,27,P
42,27,P
42,26,P
41,26,P
40,26,P
39,26,P
38,26,P
37,26,P
37,25,P
36,25,P
35,25,P
34,25,P
33,25,P
32,25,P
31,25,P
30,25,P
29,25,P
28,25,P
27,25,P
26,25,P
25,25,P
24,25,P
23,25,P
21,26,P
20,26,P
19,26,P
18,26,P
16,27,P
15,27,P
13,28,P
12,28,P
10,29,P
7,33,P
9,33,P
9,34,P
11,33,P
12,33,F
13,33,F
14,33,P
16,32,P
17,32,P
18,32,P
19,32,P
20,32,P
21,32,P
22,32,P
23,32,P
24,32,P
25,32,P
26,32,F
27,32,F
28,32,P
29,32,P
30,32,P
30,33,P
31,33,P
32,33,P
33,33,P
34,33,P
35,33,P
35,34,P
36,34,P
37,34,P
38,34,P
38,35,P
39,35,P
40,35,P
41,35,P
41,36,P
42,36,P
43,36,P
43,37,P
44,37,P
45,37,P
45,38,P
46,38,P
47,38,P
47,39,P
48,39,P
48,40,P
49,40,P
50,40,P
50,41,P
51,41,P
51,42,P
52,42,P
52,43,P
53,43,P
53,44,P
53,45,P
53,46,P
54,46,P
55,46,P
56,46,P
57,46,P
57,47,P
58,47,P
58,48,P
59,48,P
59,49,P
59,50,P
60,50,P
60,51,P
61,51,P
61,52,P
62,52,P
62,53,P
62,54,P
63,54,P
63,55,P
63,56,P
64,56,P
64,57,P
65,57,P
65,58,P
65,59,P
66,59,P
66,60,P
66,61,P
67,61,P
67,62,P
67,63,P
67,64,P
68,64,P
68,65,P
68,66,P
68,67,P
69,67,P
69,68,P
69,69,P
69,70,P
69,71,P
69,72,P
70,72,P
70,73,P
70,74,P
70,75,P
70,76,P
70,77,P
70,78,P
70,79,P
70,80,P
70,81,P
70,82,P
70,83,P
70,84,P
70,85,P
70,86,P
70,87,P
69,89,P
69,90,P
69,91,P
68,93,P
68,94,P
70,94,P
63,96,P
65,92,P
64,92,P
64,91,P
64,90,P
64,89,P
64,88,P
64,87,P
64,86,P
64,85,P
64,84,P
64,83,P
64,82,P
64,81,P
64,80,P
64,79,P
64,78,P
63,78,P
63,77,P
63,76,P
63,75,P
63,74,P
63,73,P
62,73,P
62,72,P
62,71,P
62,70,P
61,70,P
61,69,P
61,68,P
61,67,P
60,67,P
60,66,P
60,65,P
59,65,P
59,64,P
59,63,P
58,63,P
58,62,P
57,62,P
57,61,P
57,60,P
56,60,P
56,59,P
56,58,P
55,58,P
55,57,P
54,57,P
54,56,P
53,56,P
53,55,P
53,54,P
52,54,P
52,53,P
51,53,P
51,52,P
50,52,P
49,52,P
48,52,P
47,52,P
47,51,P
47,50,P
47,49,P
46,49,P
46,48,P
45,48,P
45,47,P
44,47,P
44,46,P
43,46,P
42,46,P
42,45,P
41,45,P
41,44,P
40,44,P
39,44,P
39,43,P
38,43,P
37,43,P
37,42,P
36,42,P
35,42,P
35,41,P
34,41,P
33,41,P
32,41,F
32,40,P
31,40,F
30,40,P
29,40,P
29,39,P
28,39,P
27,39,P
26,39,P
25,39,P
24,39,P
24,38,P
23,38,P
22,38,P
21,38,P
20,38,P
19,38,P
18,38,P
17,38,P
16,38,P
15,38,P
14,38,P
13,38,P
12,38,P
11,38,P
10,38,P
8,39,P
5,41,P
4,44,P
5,46,P
8,45,P
7,47,P
7,48,P
8,48,P
9,48,P
10,48,P
11,48,P
12,48,P
13,48,P
14,48,P
14,49,P
15,49,P
16,49,P
17,49,P
18,49,P
19,49,P
19,50,P
20,50,P
21,50,P
22,50,P
22,51,P
23,51,P
24,51,P
25,51,P
25,52,P
26,52,P
27,52,P
27,53,P
28,53,P
29,53,P
29,54,P
29,55,P
30,55,P
30,56,P
31,56,P
31,57,P
32,57,P
33,57,P
33,58,P
34,58,P
34,59,P
35,59,P
35,60,P
36,60,P
36,61,P
36,62,P
36,63,P
37,63,P
38,63,P
39,63,P
40,63,P
40,64,F
41,64,P
41,65,F
42,65,P
42,66,P
42,67,P
43,67,P
43,68,P
44,68,P
44,69,P
45,69,P
45,70,P
45,71,P
46,71,P
46,72,P
46,73,P
47,73,P
47,74,P
48,74,P
48,75,P
48,76,P
49,76,P
49,77,P
48,79,P
49,79,P
49,80,P
49,81,F
49,82,F
50,82,P
50,83,P
50,84,P
50,85,P
51,85,P
51,86,P
51,87,P
51,88,P
51,89,P
51,90,P
52,90,P
52,91,P
52,92,P
52,93,P
52,94,P
52,95,P
52,96,P
52,97,P
57,94,P
58,95,P
49,97,P
50,93,P
47,95,P
44,97,P
49,90,P
49,89,P
49,88,P
49,87,P
48,87,P
48,86,P
48,85,P
48,84,P
47,84,P
47,83,P
47,82,P
47,81,P
46,81,P
46,80,P
46,79,P
45,79,P
45,78,P
45,77,P
44,77,P
44,76,P
43,76,P
43,75,P
43,74,P
42,74,P
42,73,P
42,72,P
41,72,P
41,71,P
40,71,P
40,70,P
39,70,P
39,69,P
39,68,P
38,68,P
38,67,P
37,67,P
37,66,P
36,66,P
35,66,P
34,66,P
33,66,P
33,65,P
33,64,P
33,63,P
32,63,P
32,62,P
31,62,P
31,61,P
30,61,P
30,60,P
29,60,P
28,60,P
28,59,P
27,59,P
27,58,P
26,58,P
25,58,P
25,57,P
24,57,P
23,57,P
23,56,P
22,56,P
21,56,F
21,55,F
20,55,P
19,55,F
18,55,P
18,54,P
17,54,P
16,54,P
15,54,P
15,53,P
14,53,P
13,53,P
12,53,P
11,53,P
9,54,P
8,54,P
6,55,P
7,52,P
4,53,P
7,62,P
6,65,P
8,65,P
11,64,P
10,66,P
9,68,P
8,70,P
8,71,P
16,65,P
17,65,P
17,66,P
18,66,P
19,66,P
19,67,P
20,67,P
20,68,P
21,68,P
22,68,P
22,69,P
23,69,P
23,70,P
24,70,P
24,71,P
25,71,P
25,72,P
25,73,P
25,74,P
26,74,P
27,74,P
28,74,P
29,74,P
29,75,P
30,75,P
30,76,P
31,76,P
31,77,P
31,78,P
32,78,P
32,79,P
33,79,P
33,80,F
34,80,F
34,81,F
34,82,P
34,83,P
34,84,P
34,85,P
35,85,P
35,86,P
36,86,P
36,87,P
36,88,P
36,89,P
36,90,P
35,92,P
34,94,P
39,91,P
36,95,P
37,96,P
39,97,P
27,90,P
25,88,P
23,87,P
22,85,P
20,85,P
18,85,P
17,83,P
17,79,P
15,78,P
13,77,P
11,74,P
87,82,P
88,80,P
90,77,P
91,75,P
92,73,P
93,71,P
93,70,P
94,68,P
94,67,P
95,65,P
95,64,P
95,63,P
96,61,P
96,60,P
96,59,P
96,58,P
96,57,P
96,56,P
96,55,P
96,54,P
96,53,P
96,52,P
96,51,P
96,50,P
96,49,P
96,48,P
96,47,P
96,46,P
95,46,P
95,45,P
95,44,P
95,43,P
95,42,P
95,41,P
94,41,P
94,40,P
94,39,P
94,38,P
93,38,P
93,37,P
93,36,P
93,35,P
92,35,P
92,34,P
92,33,P
91,33,P
91,32,P
91,31,P
90,31,P
90,30,P
89,30,P
89,29,P
89,28,P
88,28,P
88,27,P
88,26,P
87,26,P
87,25,P
86,25,P
86,24,P
85,24,P
85,23,P
85,22,P
84,22,P
84,21,P
83,21,P
83,20,P
82,20,P
81,20,P
80,20,P
79,20,P
79,19,P
79,18,P
79,17,P
78,17,P
78,16,P
77,16,P
77,15,P
76,15,P
76,14,P
75,14,P
74,14,P
74,13,P
73,13,P
73,12,P
72,12,P
71,12,P
71,11,P
70,11,P
69,11,P
69,10,P
68,10,P
67,10,P
67,9,P
66,9,P
65,9,P
64,9,P
64,8,P
63,8,P
62,8,P
61,8,P
61,7,P
60,7,P
59,7,P
57,8,P
56,8,P
55,8,P
55,7,P
54,7,P
53,7,P
52,7,P
51,7,P
50,7,P
49,7,P
48,7,P
47,7,P
46,7,P
45,7,P
44,7,P
43,7,P
42,7,P
41,7,P
39,8,P
38,8,P
37,8,P
36,8,P
34,9,P
33,9,P
31,10,P
30,10,P
28,11,P
26,12,P
24,13,P
15,20,P
19,18,P
20,18,P
23,16,P
25,15,P
26,15,F
27,15,P
28,15,P
30,14,P
31,14,P
32,14,P
33,14,P
35,13,P
36,13,P
37,13,P
38,13,P
39,13,P
40,13,P
41,13,P
42,13,P
43,13,P
44,13,P
45,13,P
46,13,P
47,13,P
48,13,P
49,13,P
49,14,P
50,14,P
51,14,P
52,14,P
53,14,P
54,14,P
54,15,P
55,15,P
56,15,P
57,15,P
57,16,P
58,16,P
59,16,P
60,16,P
60,17,P
61,17,P
62,17,P
62,18,P
63,18,P
64,18,P
64,19,P
65,19,P
66,19,P
66,20,P
67,20,P
67,21,P
68,21,P
69,21,P
69,22,P
70,22,P
70,23,P
71,23,P
71,24,P
72,24,P
72,25,P
72,26,P
72,27,P
73,27,P
74,27,P
75,27,P
76,27,P
76,28,P
77,28,P
77,29,P
78,29,P
78,30,P
78,31,P
79,31,P
79,32,P
80,32,P
80,33,P
81,33,P
81,34,P
81,35,P
82,35,P
82,36,P
82,37,P
83,37,P
83,38,P
84,38,P
84,39,P
84,40,P
85,40,P
85,41,P
85,42,P
86,42,P
86,43,P
86,44,P
86,45,P
87,45,P
87,46,P
87,47,P
87,48,P
88,48,P
88,49,P
88,50,P
88,51,P
88,52,P
88,53,P
89,53,P
89,54,P
89,55,P
89,56,P
89,57,P
89,58,P
89,59,P
89,60,P
89,61,P
89,62,P
89,63,P
89,64,P
89,65,P
89,66,P
89,67,P
89,68,P
88,70,P
88,71,P
88,72,P
87,74,P
87,75,P
86,77,P
86,78,P
85,80,P
84,82,P
83,84,P
81,87,P
75,91,P
73,92,P
73,91,P
73,90,P
74,88,P
74,87,P
75,85,P
75,84,P
75,83,P
76,81,P
76,80,P
76,79,P
76,78,P
76,77,P
76,76,P
76,75,P
76,74,P
76,73,P
76,72,P
76,71,P
76,70,P
76,69,P
76,68,P
76,67,P
76,66,P
75,66,P
75,65,P
75,64,P
75,63,P
75,62,P
75,61,P
74,61,P
74,60,P
74,59,P
74,58,P
73,58,P
73,57,P
73,56,P
73,55,P
72,55,P
72,54,P
72,53,P
71,53,P
71,52,P
71,51,P
70,51,P
70,50,P
69,50,P
69,49,P
69,48,P
68,48,P
68,47,P
68,46,P
67,46,P
67,45,P
66,45,P
66,44,P
65,44,P
65,43,P
65,42,P
64,42,P
64,41,P
63,41,P
63,40,P
62,40,P
61,40,P
60,40,P
59,40,P
59,39,P
59,38,P
59,37,P
58,37,P
58,36,P
57,36,P
57,35,P
56,35,P
56,34,P
55,34,P
54,34,P
54,33,P
53,33,P
53,32,P
52,32,P
51,32,P
51,31,P
50,31,P
49,31,P
49,30,P
48,30,P
47,30,P
47,29,P
46,29,P
45,29,P
44,29,P
44,28,P
43,28,P
42,28,P
41,28,P
41,27,P
40,27,P
39,27,P
38,27,F
37,27,F
36,27,P
36,26,P
35,26,P
34,26,P
33,26,P
32,26,P
31,26,P
30,26,P
29,26,P
28,26,P
27,26,P
26,26,P
25,26,P
24,26,P
23,26,P
22,26,P
20,27,P
19,27,P
18,27,P
17,27,P
15,28,P
14,28,P
12,29,P
11,29,P
9,30,P
10,31,P
8,34,P
8,35,P
10,34,P
11,34,P
12,34,P
13,34,F
15,33,P
16,33,P
17,33,P
18,33,P
19,33,P
20,33,P
21,33,P
22,33,P
23,33,P
24,33,P
25,33,P
26,33,P
27,33,P
28,33,P
29,33,P
29,34,P
30,34,P
31,34,P
32,34,P
33,34,P
34,34,P
34,35,P
35,35,P
36,35,P
37,35,P
37,36,P
38,36,P
39,36,P
40,36,P
40,37,P
41,37,P
42,37,P
42,38,P
43,38,P
44,38,P
44,39,P
45,39,P
46,39,P
46,40,P
47,40,P
47,41,P
48,41,P
49,41,P
49,42,P
50,42,P
50,43,P
51,43,P
51,44,P
52,44,P
52,45,P
52,46,P
52,47,P
53,47,P
54,47,P
55,47,P
56,47,P
56,48,P
57,48,P
57,49,P
58,49,P
58,50,P
58,51,P
59,51,P
59,52,P
60,52,P
60,53,P
61,53,P
61,54,P
61,55,P
62,55,P
62,56,P
62,57,P
63,57,P
63,58,P
64,58,P
64,59,P
64,60,P
65,60,P
65,61,P
65,62,P
66,62,P
66,63,P
66,64,P
66,65,P
67,65,P
67,66,P
67,67,P
67,68,P
68,68,P
68,69,P
68,70,P
68,71,P
68,72,P
68,73,P
69,73,P
69,74,P
69,75,P
69,76,P
69,77,P
69,78,P
69,79,P
69,80,P
69,81,P
69,82,P
69,83,P
69,84,P
69,85,P
69,86,P
69,87,P
69,88,P
68,90,P
68,91,P
68,92,P
67,94,P
67,95,P
69,95,P
62,97,P
64,93,P
63,93,P
63,92,P
63,91,P
63,90,P
63,89,P
63,88,P
63,87,P
63,86,P
63,85,P
63,84,P
63,83,P
63,82,P
63,81,P
63,80,P
63,79,P
62,79,P
62,78,P
62,77,P
62,76,P
62,75,P
62,74,P
61,74,P
61,73,P
61,72,P
61,71,P
60,71,P
60,70,P
60,69,P
60,68,P
59,68,P
59,67,P
59,66,P
58,66,P
58,65,P
58,64,P
57,64,P
57,63,P
56,63,P
56,62,P
56,61,P
55,61,P
55,60,P
55,59,P
54,59,P
54,58,P
53,58,P
53,57,P
52,57,P
52,56,P
52,55,P
51,55,P
51,54,P
50,54,P
50,53,P
49,53,P
48,53,F
47,53,P
46,53,P
46,52,P
46,51,P
46,50,P
45,50,P
45,49,P
44,49,P
44,48,P
43,48,P
43,47,P
42,47,P
41,47,P
41,46,P
40,46,P
40,45,P
39,45,P
38,45,P
38,44,P
37,44,P
36,44,P
36,43,P
35,43,P
34,43,P
34,42,P
33,42,P
32,42,P
31,42,P
31,41,F
30,41,P
29,41,P
28,41,P
28,40,P
27,40,P
26,40,P
25,40,P
24,40,P
23,40,F
23,39,P
22,39,P
21,39,P
20,39,P
19,39,P
18,39,P
17,39,P
16,39,P
15,39,P
14,39,P
13,39,P
12,39,P
11,39,P
10,39,P
9,39,P
7,40,P
8,37,P
5,44,P
4,47,P
7,46,P
6,48,P
6,49,P
7,49,P
8,49,P
9,49,P
10,49,P
11,49,P
12,49,P
13,49,P
13,50,P
14,50,P
15,50,P
16,50,P
17,50,P
18,50,P
18,51,P
19,51,P
20,51,P
21,51,P
21,52,P
22,52,P
23,52,P
24,52,P
24,53,P
25,53,P
26,53,P
26,54,P
27,54,P
28,54,P
28,55,P
28,56,P
29,56,P
29,57,P
30,57,P
30,58,P
31,58,P
32,58,P
32,59,P
33,59,P
33,60,P
34,60,P
34,61,P
35,61,P
35,62,P
35,63,P
35,64,P
36,64,P
37,64,P
38,64,P
39,64,P
39,65,P
40,65,F
40,66,F
41,66,F
41,67,P
41,68,P
42,68,P
42,69,P
43,69,P
43,70,P
44,70,P
44,71,P
44,72,P
45,72,P
45,73,P
45,74,P
46,74,P
46,75,P
47,75,P
47,76,P
47,77,P
48,77,P
48,78,P
47,80,P
48,80,P
48,81,P
48,82,P
48,83,P
49,83,P
49,84,P
49,85,P
49,86,P
50,86,P
50,87,P
50,88,P
50,89,P
50,90,P
50,91,P
51,91,P
51,92,P
51,93,P
51,94,P
51,95,P
51,96,P
51,97,P
58,92,P
56,95,P
57,96,P
50,95,P
49,94,P
46,96,P
49,91,P
48,91,P
48,90,P
48,89,P
48,88,P
47,88,P
47,87,P
47,86,P
47,85,P
46,85,P
46,84,P
46,83,P
46,82,P
45,82,P
45,81,P
45,80,P
44,80,P
44,79,P
44,78,P
43,78,P
43,77,P
42,77,P
42,76,P
42,75,P
41,75,P
41,74,P
41,73,P
40,73,P
40,72,P
39,72,P
39,71,P
38,71,P
38,70,P
38,69,P
37,69,P
37,68,P
36,68,P
36,67,P
35,67,P
34,67,P
33,67,P
32,67,P
32,66,P
32,65,P
32,64,P
31,64,P
31,63,P
30,63,P
30,62,P
29,62,P
29,61,P
28,61,P
27,61,P
27,60,P
26,60,P
26,59,P
25,59,P
24,59,P
24,58,P
23,58,P
22,58,P
22,57,P
21,57,P
20,57,P
20,56,F
19,56,P
18,56,P
17,56,P
17,55,P
16,55,P
15,55,P
14,55,P
14,54,P
13,54,P
12,54,P
11,54,P
10,54,P
8,55,P
7,55,P
5,56,P
6,53,P
4,52,P
6,63,P
10,62,P
7,66,P
10,65,P
9,67,P
8,69,P
15,64,P
15,65,P
15,66,P
16,66,P
16,67,P
17,67,P
18,67,P
18,68,P
19,68,P
19,69,P
20,69,P
21,69,P
21,70,P
22,70,P
22,71,P
23,71,P
23,72,P
24,72,P
24,73,P
24,74,P
24,75,P
25,75,P
26,75,P
27,75,P
28,75,P
28,76,P
29,76,P
29,77,P
30,77,P
30,78,P
30,79,P
31,79,P
31,80,P
32,80,P
32,81,P
33,81,F
33,82,F
33,83,F
33,84,P
33,85,P
33,86,P
34,86,P
34,87,P
35,87,P
35,88,P
35,89,P
35,90,P
35,91,P
34,93,P
33,95,P
38,92,P
40,92,P
40,94,P
41,96,P
26,91,P
24,89,P
22,88,P
21,86,P
19,86,P
20,82,P
17,82,P
16,80,P
14,79,P
12,78,P
10,75,P
86,83,P
87,81,P
89,78,P
90,76,P
91,74,P
92,72,P
92,71,P
93,69,P
93,68,P
94,66,P
94,65,P
94,64,P
95,62,P
95,61,P
95,60,P
95,59,P
95,58,P
95,57,P
95,56,P
95,55,P
95,54,P
95,53,P
95,52,P
95,51,P
95,50,P
95,49,P
95,48,P
95,47,P
94,47,P
94,46,P
94,45,P
94,44,P
94,43,P
94,42,P
93,42,P
93,41,P
93,40,P
93,39,P
92,39,P
92,38,P
92,37,P
92,36,P
91,36,P
91,35,P
91,34,P
90,34,P
90,33,P
90,32,P
89,32,P
89,31,P
88,31,P
88,30,P
88,29,P
87,29,P
87,28,P
87,27,P
86,27,P
86,26,P
85,26,P
85,25,P
84,25,P
84,24,P
84,23,P
83,23,P
83,22,P
82,22,P
82,21,P
81,21,P
80,21,P
79,21,P
78,21,P
78,20,P
78,19,P
78,18,P
77,18,P
77,17,P
76,17,P
76,16,P
75,16,P
75,15,P
74,15,P
73,15,P
73,14,P
72,14,P
72,13,P
71,13,P
70,13,P
70,12,P
69,12,P
68,12,P
68,11,P
67,11,P
66,11,P
66,10,P
65,10,P
64,10,P
63,10,P
63,9,P
62,9,P
61,9,P
60,9,P
60,8,P
59,8,P
58,8,P
56,9,P
55,9,P
54,9,P
54,8,P
53,8,P
52,8,P
51,8,P
50,8,P
49,8,P
48,8,P
47,8,P
46,8,P
45,8,P
44,8,P
43,8,P
42,8,P
41,8,P
40,8,P
38,9,P
37,9,P
36,9,P
35,9,P
33,10,P
32,10,P
30,11,P
29,11,P
27,12,P
25,13,P
23,14,P
18,18,P
18,19,P
19,19,P
22,17,F
24,16,P
25,16,P
26,16,P
27,16,P
29,15,P
30,15,P
31,15,P
32,15,P
34,14,P
35,14,P
36,14,P
37,14,P
38,14,P
39,14,P
40,14,P
41,14,P
42,14,P
43,14,P
44,14,P
45,14,P
46,14,P
47,14,P
48,14,P
48,15,P
49,15,P
50,15,P
51,15,P
52,15,P
53,15,P
53,16,P
54,16,P
55,16,P
56,16,P
56,17,P
57,17,P
58,17,P
59,17,P
59,18,P
60,18,P
61,18,P
61,19,P
62,19,P
63,19,P
63,20,P
64,20,P
65,20,P
65,21,P
66,21,P
66,22,P
67,22,P
68,22,P
68,23,P
69,23,P
69,24,P
70,24,P
70,25,P
71,25,P
71,26,P
71,27,P
71,28,P
72,28,P
73,28,P
74,28,P
75,28,P
75,29,P
76,29,P
76,30,P
77,30,P
77,31,P
77,32,P
78,32,P
78,33,P
79,33,P
79,34,P
80,34,P
80,35,P
80,36,P
81,36,P
81,37,P
81,38,P
82,38,P
82,39,P
83,39,P
83,40,P
83,41,P
84,41,P
84,42,P
84,43,P
85,43,P
85,44,P
85,45,P
85,46,P
86,46,P
86,47,P
86,48,P
86,49,P
87,49,P
87,50,P
87,51,P
87,52,P
87,53,P
87,54,P
88,54,P
88,55,P
88,56,P
88,57,P
88,58,P
88,59,P
88,60,P
88,61,P
88,62,P
88,63,P
88,64,P
88,65,P
88,66,P
88,67,P
88,68,P
88,69,P
87,71,P
87,72,P
87,73,P
86,75,P
86,76,P
85,78,P
85,79,P
84,81,P
83,83,P
82,85,P
80,88,P
74,92,P
72,93,P
72,92,P
72,91,P
73,89,P
73,88,P
74,86,P
74,85,P
74,84,P
75,82,P
75,81,P
75,80,P
75,79,P
75,78,P
75,77,P
75,76,P
75,75,P
75,74,P
75,73,P
75,72,P
75,71,P
75,70,P
75,69,P
75,68,P
75,67,P
74,67,P
74,66,P
74,65,P
74,64,P
74,63,P
74,62,P
73,62,P
73,61,P
73,60,P
73,59,P
72,59,P
72,58,P
72,57,P
72,56,P
71,56,P
71,55,P
71,54,P
70,54,P
70,53,P
70,52,P
69,52,P
69,51,P
68,51,P
68,50,P
68,49,P
67,49,P
67,48,P
67,47,P
66,47,P
66,46,P
65,46,P
65,45,P
64,45,P
64,44,P
64,43,P
63,43,P
63,42,P
62,42,P
62,41,P
61,41,P
60,41,P
59,41,P
58,41,P
58,40,P
58,39,P
58,38,P
57,38,P
57,37,P
56,37,P
56,36,P
55,36,P
55,35,P
54,35,P
53,35,P
53,34,P
52,34,P
52,33,P
51,33,P
50,33,P
50,32,P
49,32,P
48,32,P
48,31,P
47,31,P
46,31,P
46,30,P
45,30,P
44,30,P
43,30,P
43,29,P
42,29,P
41,29,P
40,29,P
40,28,P
39,28,P
38,28,P
37,28,P
36,28,P
35,28,P
35,27,P
34,27,P
33,27,P
32,27,P
31,27,P
30,27,P
29,27,P
28,27,P
27,27,P
26,27,P
25,27,P
24,27,P
23,27,P
22,27,P
21,27,P
19,28,P
18,28,F
17,28,P
16,28,P
14,29,P
13,29,P
11,30,P
10,30,P
8,31,P
9,32,P
7,35,P
7,36,P
9,35,P
10,35,P
11,35,P
12,35,P
14,34,F
15,34,P
16,34,P
17,34,P
18,34,P
19,34,P
20,34,P
21,34,P
22,34,P
23,34,P
24,34,P
25,34,P
26,34,P
27,34,P
28,34,P
28,35,P
29,35,P
30,35,P
31,35,P
32,35,P
33,35,P
33,36,P
34,36,P
35,36,P
36,36,P
36,37,P
37,37,P
38,37,P
39,37,P
39,38,P
40,38,P
41,38,P
41,39,P
42,39,P
43,39,P
43,40,P
44,40,P
45,40,P
45,41,P
46,41,P
46,42,P
47,42,P
48,42,P
48,43,P
49,43,P
49,44,P
50,44,P
50,45,P
51,45,P
51,46,P
51,47,P
51,48,P
52,48,P
53,48,P
54,48,P
55,48,P
55,49,P
56,49,P
56,50,P
57,50,P
57,51,P
57,52,P
58,52,P
58,53,P
59,53,P
59,54,P
60,54,P
60,55,P
60,56,P
61,56,P
61,57,P
61,58,P
62,58,P
62,59,P
63,59,P
63,60,P
63,61,P
64,61,P
64,62,P
64,63,P
65,63,P
65,64,P
65,65,P
65,66,P
66,66,P
66,67,P
66,68,P
66,69,P
67,69,P
67,70,P
67,71,P
67,72,P
67,73,P
67,74,P
68,74,P
68,75,P
68,76,P
68,77,P
68,78,P
68,79,P
68,80,P
68,81,P
68,82,P
68,83,P
68,84,P
68,85,P
68,86,P
68,87,P
68,88,P
68,89,P
67,91,P
67,92,P
67,93,P
66,95,P
66,96,P
71,94,P
65,93,P
63,94,P
62,94,P
62,93,P
62,92,P
62,91,P
62,90,P
62,89,P
62,88,P
62,87,P
62,86,P
62,85,P
62,84,P
62,83,P
62,82,P
62,81,P
62,80,P
61,80,P
61,79,P
61,78,P
61,77,P
61,76,P
61,75,P
60,75,P
60,74,P
60,73,P
60,72,P
59,72,P
59,71,P
59,70,P
59,69,P
58,69,P
58,68,P
58,67,P
57,67,P
57,66,P
57,65,P
56,65,P
56,64,P
55,64,P
55,63,P
55,62,P
54,62,P
54,61,P
54,60,P
53,60,P
53,59,P
52,59,P
52,58,P
51,58,P
51,57,P
51,56,P
50,56,P
50,55,P
49,55,P
49,54,P
48,54,P
47,54,P
46,54,P
45,54,P
45,53,P
45,52,P
45,51,P
44,51,P
44,50,P
43,50,P
43,49,P
42,49,P
42,48,P
41,48,P
40,48,P
40,47,P
39,47,P
39,46,P
38,46,P
37,46,P
37,45,P
36,45,P
35,45,P
35,44,P
34,44,P
33,44,P
33,43,P
32,43,P
31,43,P
30,43,P
30,42,P
29,42,P
28,42,P
27,42,P
27,41,P
26,41,P
25,41,P
24,41,P
23,41,P
22,41,P
22,40,P
21,40,P
20,40,P
19,40,P
18,40,P
17,40,P
16,40,P
15,40,P
14,40,P
13,40,P
12,40,P
11,40,P
10,40,P
9,40,P
8,40,P
6,41,P
7,38,P
4,45,P
8,44,P
6,47,P
5,49,P
5,50,P
6,50,P
7,50,P
8,50,P
9,50,P
10,50,P
11,50,P
12,50,P
12,51,P
13,51,P
14,51,P
15,51,P
16,51,P
17,51,P
17,52,P
18,52,P
19,52,P
20,52,P
20,53,P
21,53,P
22,53,P
23,53,P
23,54,P
24,54,P
25,54,P
25,55,P
26,55,P
27,55,P
27,56,P
27,57,P
28,57,P
28,58,P
29,58,P
29,59,P
30,59,P
31,59,P
31,60,P
32,60,P
32,61,P
33,61,P
33,62,P
34,62,P
34,63,P
34,64,P
34,65,P
35,65,P
36,65,P
37,65,P
38,65,P
38,66,P
39,66,P
39,67,P
40,67,P
40,68,P
40,69,P
41,69,P
41,70,P
42,70,P
42,71,P
43,71,P
43,72,P
43,73,P
44,73,P
44,74,P
44,75,P
45,75,P
45,76,P
46,76,P
46,77,P
46,78,P
47,78,P
47,79,P
55,73,P
55,74,P
55,75,P
55,76,P
56,76,P
56,77,P
56,78,P
56,79,P
57,79,P
57,80,P
57,81,P
57,82,P
57,83,P
57,84,P
58,84,P
58,85,P
58,86,P
58,87,P
58,88,P
58,89,P
58,90,P
58,91,P
57,93,P
55,96,P
56,97,P
49,96,P
48,95,P
45,97,P
48,92,P
47,92,P
47,91,P
47,90,P
47,89,P
46,89,P
46,88,P
46,87,P
46,86,P
45,86,P
45,85,P
45,84,P
45,83,P
44,83,P
44,82,P
44,81,P
43,81,P
43,80,P
43,79,P
42,79,P
42,78,P
41,78,P
41,77,F
41,76,P
40,76,P
40,75,P
40,74,P
39,74,P
39,73,P
38,73,P
38,72,P
37,72,P
37,71,P
37,70,P
36,70,P
36,69,P
35,69,P
35,68,P
34,68,P
33,68,P
32,68,P
31,68,P
31,67,P
31,66,P
31,65,P
30,65,P
30,64,P
29,64,P
29,63,P
28,63,P
28,62,P
27,62,P
26,62,P
26,61,P
25,61,P
25,60,P
24,60,P
23,60,P
23,59,P
22,59,P
21,59,P
21,58,P
20,58,P
19,58,P
19,57,P
18,57,P
17,57,P
16,57,P
16,56,P
15,56,P
14,56,P
13,56,P
13,55,P
12,55,P
11,55,P
10,55,P
9,55,P
7,56,P
6,56,P
4,57,P
5,54,P
5,61,P
8,62,P
9,63,P
11,63,P
9,66,P
8,68,P
14,64,P
14,65,P
14,66,P
14,67,P
15,67,P
15,68,P
16,68,P
17,68,P
17,69,P
18,69,P
18,70,P
19,70,P
20,70,P
20,71,P
21,71,P
21,72,P
22,72,P
22,73,P
23,73,P
23,74,P
23,75,P
23,76,P
24,76,P
25,76,P
26,76,P
27,76,P
27,77,P
28,77,P
28,78,P
29,78,P
29,79,P
29,80,P
30,80,P
30,81,P
31,81,P
31,82,P
32,82,P
32,83,P
32,84,P
32,85,P
32,86,P
32,87,P
33,87,P
33,88,P
34,88,P
34,89,P
34,90,P
34,91,P
34,92,P
33,94,P
39,90,P
37,93,P
39,93,P
39,95,P
40,97,P
26,90,P
25,87,P
23,86,P
20,87,P
21,83,P
19,83,P
16,83,P
15,81,P
15,77,P
13,76,P
10,74,P
85,84,P
86,82,P
88,79,P
89,77,P
90,75,P
91,73,P
91,72,P
92,70,P
92,69,P
93,67,P
93,66,P
93,65,P
94,63,P
94,62,P
94,61,P
94,60,P
94,59,P
94,58,P
94,57,P
94,56,P
94,55,P
94,54,P
94,53,P
94,52,P
94,51,P
94,50,P
94,49,P
94,48,P
93,48,P
93,47,P
93,46,P
93,45,P
93,44,P
93,43,P
92,43,P
92,42,P
92,41,P
92,40,P
91,40,P
91,39,P
91,38,P
91,37,P
90,37,P
90,36,P
90,35,P
89,35,P
89,34,P
89,33,P
88,33,P
88,32,P
87,32,P
87,31,P
87,30,P
86,30,P
86,29,P
86,28,P
85,28,P
85,27,P
84,27,P
84,26,P
83,26,P
83,25,P
83,24,P
82,24,P
82,23,P
81,23,P
81,22,P
80,22,P
79,22,P
78,22,P
77,22,P
77,21,P
77,20,P
77,19,P
76,19,P
76,18,P
75,18,P
75,17,P
74,17,P
74,16,P
73,16,P
72,16,P
72,15,P
71,15,P
71,14,P
70,14,P
69,14,P
69,13,P
68,13,P
67,13,P
67,12,P
66,12,P
65,12,P
65,11,P
64,11,P
63,11,P
62,11,P
62,10,P
61,10,P
60,10,P
59,10,P
59,9,P
58,9,P
57,9,P
55,10,P
54,10,P
53,10,P
53,9,P
52,9,P
51,9,P
50,9,P
49,9,P
48,9,P
47,9,P
46,9,P
45,9,P
44,9,P
43,9,P
42,9,P
41,9,P
40,9,P
39,9,P
37,10,P
36,10,P
35,10,P
34,10,P
32,11,P
31,11,P
29,12,P
28,12,P
26,13,P
24,14,P
22,15,P
17,19,P
17,20,P
18,20,P
21,18,P
23,17,P
24,17,P
25,17,P
26,17,P
28,16,P
29,16,P
30,16,P
31,16,P
33,15,P
34,15,P
35,15,P
36,15,P
37,15,P
38,15,P
39,15,P
40,15,P
41,15,P
42,15,P
43,15,P
44,15,P
45,15,P
46,15,P
47,15,P
47,16,P
48,16,P
49,16,P
50,16,P
51,16,P
52,16,P
52,17,P
53,17,P
54,17,P
55,17,P
55,18,P
56,18,P
57,18,P
58,18,P
58,19,P
59,19,P
60,19,P
60,20,P
61,20,P
62,20,P
62,21,P
63,21,P
64,21,P
64,22,P
65,22,P
65,23,P
66,23,P
67,23,P
67,24,P
68,24,P
68,25,P
69,25,P
69,26,P
70,26,P
70,27,P
70,28,P
70,29,P
71,29,P
72,29,P
73,29,P
74,29,P
74,30,P
75,30,P
75,31,P
76,31,P
76,32,P
76,33,P
77,33,P
77,34,P
78,34,P
78,35,P
79,35,P
79,36,P
79,37,P
80,37,P
80,38,P
80,39,P
81,39,P
81,40,P
82,40,P
82,41,P
82,42,P
83,42,P
83,43,P
83,44,P
84,44,P
84,45,P
84,46,P
84,47,P
85,47,P
85,48,P
85,49,P
85,50,P
86,50,P
86,51,P
86,52,P
86,53,P
86,54,P
86,55,P
87,55,P
87,56,P
87,57,P
87,58,P
87,59,P
87,60,P
87,61,P
87,62,P
87,63,P
87,64,P
87,65,P
87,66,P
87,67,P
87,68,P
87,69,P
87,70,P
86,72,P
86,73,P
86,74,P
85,76,P
85,77,P
84,79,P
84,80,P
83,82,P
82,84,P
81,86,P
79,89,P
73,93,P
79,85,P
79,84,P
80,82,P
80,81,P
81,79,P
81,78,P
81,77,P
82,75,P
82,74,P
82,73,P
82,72,P
82,71,P
82,70,P
82,69,P
82,68,P
82,67,P
82,66,P
82,65,P
82,64,P
82,63,P
82,62,P
82,61,P
82,60,P
81,60,P
81,59,P
81,58,P
81,57,P
81,56,P
81,55,P
80,55,P
80,54,P
80,53,P
80,52,P
79,52,P
79,51,P
79,50,P
79,49,P
78,49,P
78,48,P
78,47,P
77,47,P
77,46,P
77,45,P
76,45,P
76,44,P
75,44,P
75,43,P
75,42,P
74,42,P
74,41,P
74,40,P
73,40,P
73,39,P
72,39,P
72,38,P
71,38,P
71,37,P
71,36,P
70,36,P
70,35,P
69,35,P
69,34,P
68,34,P
67,34,P
66,34,P
65,34,P
65,33,P
65,32,P
65,31,P
64,31,P
64,30,P
63,30,P
63,29,P
62,29,P
62,28,P
61,28,P
60,28,P
60,27,P
59,27,P
59,26,P
58,26,P
57,26,P
57,25,P
56,25,P
55,25,P
55,24,P
54,24,P
53,24,P
53,23,P
52,23,P
51,23,P
50,23,P
50,22,P
49,22,P
48,22,P
47,22,P
47,21,P
46,21,P
45,21,P
44,21,P
43,21,P
42,21,P
42,20,P
41,20,P
40,20,P
39,20,P
38,20,P
37,20,P
36,20,P
35,20,P
34,20,P
33,20,P
32,20,P
31,20,P
30,20,P
29,20,P
28,20,P
26,21,P
25,21,P
24,21,P
23,21,P
21,22,P
20,22,P
18,23,P
17,23,P
15,24,P
12,26,P
8,33,P
6,36,P
6,37,P
8,36,P
9,36,P
10,36,P
11,36,P
13,35,P
14,35,F
15,35,F
16,35,P
17,35,P
18,35,P
19,35,P
20,35,P
21,35,P
22,35,P
23,35,P
24,35,P
25,35,P
26,35,P
27,35,P
27,36,P
28,36,P
29,36,P
30,36,P
31,36,P
32,36,P
32,37,P
33,37,P
34,37,P
35,37,P
35,38,P
36,38,P
37,38,P
38,38,P
38,39,P
39,39,P
40,39,P
40,40,P
41,40,P
42,40,P
42,41,P
43,41,P
44,41,P
44,42,P
45,42,P
45,43,P
46,43,P
47,43,P
47,44,P
48,44,P
48,45,P
49,45,P
49,46,P
50,46,P
50,47,P
50,48,P
50,49,P
51,49,P
52,49,P
53,49,F
54,49,P
54,50,P
55,50,P
55,51,P
56,51,P
56,52,P
56,53,P
57,53,P
57,54,P
58,54,P
58,55,P
59,55,P
59,56,P
59,57,P
60,57,P
60,58,P
60,59,P
61,59,P
61,60,P
62,60,P
62,61,P
62,62,P
63,62,P
63,63,P
63,64,P
64,64,P
64,65,P
64,66,P
64,67,P
65,67,P
65,68,P
65,69,P
65,70,P
66,70,P
66,71,P
66,72,P
66,73,P
66,74,P
66,75,P
67,75,P
67,76,P
67,77,P
67,78,P
67,79,P
67,80,P
67,81,P
67,82,P
67,83,P
67,84,P
67,85,P
67,86,P
67,87,P
67,88,P
67,89,P
67,90,P
66,92,P
66,93,P
66,94,P
65,96,P
71,92,P
65,95,P
64,94,P
62,95,P
61,95,P
61,94,P
61,93,P
61,92,P
61,91,P
61,90,P
61,89,P
61,88,P
61,87,P
61,86,P
61,85,P
61,84,P
61,83,P
61,82,P
61,81,P
60,81,P
60,80,P
60,79,P
60,78,P
60,77,P
60,76,P
59,76,P
59,75,P
59,74,P
59,73,P
58,73,P
58,72,P
58,71,P
58,70,P
57,70,P
57,69,P
57,68,P
56,68,P
56,67,P
56,66,P
55,66,P
55,65,P
54,65,P
54,64,P
54,63,P
53,63,P
53,62,F
53,61,P
52,61,P
52,60,P
51,60,P
51,59,P
50,59,P
50,58,P
50,57,P
49,57,P
49,56,P
48,56,P
48,55,P
47,55,P
46,55,P
45,55,P
44,55,P
44,54,P
44,53,P
44,52,P
43,52,P
43,51,P
42,51,P
42,50,P
41,50,P
41,49,P
40,49,P
39,49,P
39,48,P
38,48,P
38,47,P
37,47,P
36,47,P
36,46,P
35,46,P
34,46,P
34,45,P
33,45,P
32,45,P
32,44,P
31,44,P
30,44,P
29,44,P
29,43,P
28,43,P
27,43,P
26,43,P
26,42,P
25,42,P
24,42,P
23,42,P
22,42,P
21,42,P
21,41,P
20,41,P
19,41,P
18,41,P
17,41,P
16,41,P
15,41,P
14,41,P
13,41,P
12,41,P
11,41,P
10,41,P
9,41,P
8,41,P
7,41,P
5,42,P
6,39,P
6,44,P
7,45,P
5,48,P
4,50,P
4,51,P
5,51,P
6,51,P
7,51,P
8,51,P
9,51,P
10,51,P
11,51,P
11,52,P
12,52,P
13,52,P
14,52,P
15,52,P
16,52,P
16,53,P
17,53,P
18,53,P
19,53,P
19,54,P
20,54,P
21,54,P
22,54,P
22,55,P
23,55,P
24,55,P
24,56,P
25,56,P
26,56,P
26,57,P
35,50,P
35,51,P
36,51,P
36,52,P
37,52,P
38,52,P
38,53,P
39,53,P
39,54,P
40,54,P
40,55,P
41,55,P
41,56,P
41,57,P
41,58,P
42,58,P
43,58,P
44,58,P
45,58,P
45,59,P
46,59,P
46,60,P
47,60,P
47,61,P
47,62,P
48,62,P
48,63,P
49,63,P
49,64,P
50,64,P
50,65,P
50,66,P
51,66,P
51,67,P
51,68,P
52,68,P
52,69,P
53,69,P
53,70,P
53,71,P
54,71,P
54,72,P
54,73,P
54,74,P
54,75,P
54,76,P
54,77,P
55,77,P
55,78,P
55,79,P
55,80,P
56,80,P
56,81,P
56,82,P
56,83,P
56,84,P
56,85,P
57,85,P
57,86,P
57,87,P
57,88,P
57,89,P
57,90,P
57,91,P
57,92,P
56,94,P
54,97,P
58,96,P
48,97,P
47,96,P
49,92,P
47,93,P
46,93,P
46,92,P
46,91,P
46,90,P
45,90,P
45,89,P
45,88,P
45,87,P
44,87,P
44,86,P
44,85,P
44,84,P
43,84,P
43,83,P
43,82,P
42,82,P
42,81,P
42,80,P
41,80,P
41,79,P
40,79,P
40,78,F
40,77,P
39,77,P
39,76,P
39,75,P
38,75,P
38,74,P
37,74,P
37,73,P
36,73,P
36,72,P
36,71,P
35,71,P
35,70,P
34,70,P
34,69,P
33,69,P
32,69,P
31,69,P
30,69,P
30,68,P
30,67,P
30,66,P
29,66,P
29,65,P
28,65,P
28,64,P
27,64,P
27,63,P
26,63,P
25,63,P
25,62,P
24,62,P
24,61,P
23,61,P
22,61,P
22,60,P
21,60,P
20,60,P
20,59,P
19,59,F
18,59,P
18,58,P
17,58,P
16,58,P
15,58,P
15,57,P
14,57,P
13,57,P
12,57,P
12,56,P
11,56,P
10,56,P
9,56,P
8,56,P
6,57,P
5,57,P
8,52,P
4,55,P
6,61,P
7,63,P
8,64,P
10,64,P
8,67,P
7,69,P
13,65,P
13,66,P
13,67,P
13,68,P
14,68,P
14,69,P
15,69,P
16,69,P
16,70,P
17,70,P
17,71,P
18,71,P
19,71,P
19,72,P
20,72,P
20,73,P
21,73,P
21,74,P
22,74,P
22,75,P
22,76,P
22,77,P
23,77,P
24,77,P
25,77,P
26,77,P
26,78,P
27,78,P
27,79,P
28,79,P
28,80,F
28,81,P
29,81,P
29,82,P
30,82,P
30,83,P
31,83,P
31,84,P
31,85,P
31,86,P
31,87,P
31,88,P
32,88,P
32,89,P
33,89,P
33,90,P
33,91,P
33,92,P
33,93,P
39,89,P
38,91,P
36,94,P
38,94,P
38,96,P
41,97,P
26,89,P
24,88,P
22,87,P
22,84,P
20,84,P
18,84,P
17,81,P
16,79,P
14,78,P
12,77,P
9,73,P
84,85,P
85,83,P
87,80,P
88,78,P
89,76,P
90,74,P
90,73,P
91,71,P
91,70,P
92,68,P
92,67,P
92,66,P
93,64,P
93,63,P
93,62,P
93,61,P
93,60,P
93,59,P
93,58,P
93,57,F
93,56,P
93,55,P
93,54,P
93,53,P
93,52,P
93,51,P
93,50,P
93,49,P
92,49,P
92,48,P
92,47,P
92,46,P
92,45,P
92,44,P
91,44,P
91,43,P
91,42,P
91,41,P
90,41,P
90,40,P
90,39,P
90,38,P
89,38,P
89,37,P
89,36,P
88,36,P
88,35,P
88,34,P
87,34,P
87,33,P
86,33,P
86,32,P
86,31,P
85,31,F
85,30,P
85,29,P
84,29,P
84,28,P
83,28,P
83,27,P
82,27,P
82,26,P
82,25,P
81,25,P
81,24,P
80,24,P
80,23,P
79,23,P
78,23,P
77,23,P
76,23,P
76,22,P
76,21,P
76,20,P
75,20,P
75,19,P
74,19,P
74,18,P
73,18,P
73,17,P
72,17,P
71,17,P
71,16,P
70,16,P
70,15,P
69,15,P
68,15,P
68,14,P
67,14,P
66,14,P
66,13,P
65,13,P
64,13,P
64,12,P
63,12,P
62,12,P
61,12,P
61,11,P
60,11,P
59,11,P
58,11,P
58,10,P
57,10,P
56,10,P
54,11,F
53,11,P
52,11,P
52,10,P
51,10,P
50,10,P
49,10,P
48,10,P
47,10,P
46,10,P
45,10,P
44,10,P
43,10,P
42,10,P
41,10,P
40,10,P
39,10,P
38,10,P
36,11,P
35,11,P
34,11,P
33,11,P
31,12,P
30,12,P
28,13,P
27,13,P
25,14,P
23,15,P
24,12,P
16,20,P
16,21,P
17,21,P
20,19,P
22,18,P
23,18,P
24,18,P
25,18,P
27,17,P
28,17,P
29,17,P
30,17,P
32,16,P
33,16,P
34,16,P
35,16,P
36,16,P
37,16,P
38,16,P
39,16,P
40,16,P
41,16,P
42,16,P
43,16,P
44,16,P
45,16,P
46,16,P
46,17,P
47,17,P
48,17,P
49,17,P
50,17,P
51,17,P
51,18,P
52,18,P
53,18,P
54,18,P
54,19,P
55,19,P
56,19,P
57,19,P
57,20,P
58,20,P
59,20,P
59,21,P
60,21,P
61,21,P
61,22,P
62,22,P
63,22,P
63,23,P
64,23,P
64,24,P
65,24,P
66,24,P
66,25,P
67,25,P
67,26,P
68,26,P
68,27,P
69,27,P
69,28,P
69,29,P
69,30,P
70,30,P
71,30,P
72,30,P
73,30,P
73,31,P
74,31,P
74,32,P
75,32,P
75,33,P
75,34,P
76,34,P
76,35,P
77,35,P
77,36,P
78,36,P
78,37,P
78,38,P
79,38,P
79,39,P
79,40,P
80,40,P
80,41,P
81,41,P
81,42,P
81,43,P
82,43,P
82,44,P
82,45,P
83,45,P
83,46,P
83,47,P
83,48,P
84,48,P
84,49,P
84,50,P
84,51,P
85,51,P
85,52,P
85,53,P
85,54,P
85,55,P
85,56,P
86,56,P
86,57,P
86,58,P
86,59,P
86,60,P
86,61,P
86,62,P
86,63,P
86,64,P
86,65,P
86,66,P
86,67,P
86,68,P
86,69,P
86,70,P
86,71,P
85,73,P
85,74,P
85,75,P
84,77,P
84,78,P
83,80,P
83,81,P
82,83,P
81,85,P
80,87,P
78,90,P
78,87,P
78,86,P
78,85,P
79,83,P
79,82,P
80,80,P
80,79,P
80,78,P
81,76,P
81,75,P
81,74,P
81,73,P
81,72,P
81,71,P
81,70,P
81,69,P
81,68,P
81,67,P
81,66,P
81,65,P
81,64,P
81,63,P
81,62,P
81,61,P
80,61,P
80,60,P
80,59,P
80,58,P
80,57,P
80,56,P
79,56,P
79,55,P
79,54,P
79,53,P
78,53,P
78,52,P
78,51,P
78,50,P
77,50,P
77,49,P
77,48,P
76,48,P
76,47,P
76,46,P
75,46,P
75,45,P
74,45,P
74,44,P
74,43,P
73,43,P
73,42,P
73,41,P
72,41,P
72,40,P
71,40,P
71,39,P
70,39,P
70,38,P
70,37,P
69,37,P
69,36,P
68,36,P
68,35,P
67,35,P
66,35,P
65,35,P
64,35,P
64,34,P
64,33,P
64,32,P
63,32,P
63,31,P
62,31,P
62,30,P
61,30,P
61,29,P
60,29,P
59,29,P
59,28,P
58,28,P
58,27,P
57,27,P
56,27,P
56,26,P
55,26,P
54,26,P
54,25,P
53,25,P
52,25,P
52,24,P
51,24,P
50,24,P
49,24,P
49,23,P
48,23,P
47,23,P
46,23,P
46,22,P
45,22,P
44,22,P
43,22,P
42,22,P
41,22,P
41,21,P
40,21,P
39,21,P
38,21,P
37,21,P
36,21,P
35,21,P
34,21,P
33,21,P
32,21,P
31,21,P
30,21,P
29,21,P
28,21,P
27,21,P
25,22,P
24,22,P
23,22,P
22,22,P
20,23,P
19,23,P
17,24,P
16,24,P
14,25,P
10,28,P
7,34,P
13,30,P
15,29,P
16,29,P
17,29,P
18,29,P
20,28,P
21,28,P
22,28,P
23,28,P
24,28,P
25,28,P
26,28,P
27,28,P
28,28,P
29,28,P
30,28,P
31,28,P
32,28,P
33,28,P
34,28,P
34,29,P
35,29,P
36,29,P
37,29,P
38,29,P
39,29,P
39,30,P
40,30,P
41,30,P
42,30,P
42,31,P
43,31,P
44,31,P
45,31,P
45,32,P
46,32,P
47,32,P
47,33,P
48,33,P
49,33,P
49,34,P
50,34,P
51,34,P
51,35,P
52,35,P
52,36,P
53,36,P
54,36,P
54,37,P
55,37,P
55,38,P
56,38,P
56,39,P
57,39,P
57,40,P
57,41,P
57,42,P
58,42,P
59,42,P
60,42,P
61,42,P
61,43,P
62,43,P
62,44,P
63,44,P
63,45,P
63,46,P
64,46,P
64,47,P
65,47,P
65,48,P
66,48,P
66,49,P
66,50,P
67,50,P
67,51,P
67,52,P
68,52,P
68,53,P
69,53,P
69,54,P
69,55,P
70,55,P
70,56,P
70,57,P
71,57,P
71,58,P
71,59,P
71,60,P
72,60,P
72,61,P
72,62,P
72,63,P
73,63,P
73,64,P
73,65,P
73,66,P
73,67,P
73,68,P
74,68,P
74,69,P
74,70,P
74,71,P
74,72,P
74,73,P
74,74,P
74,75,P
74,76,P
74,77,P
74,78,P
74,79,P
74,80,P
74,81,P
74,82,P
74,83,P
73,85,P
73,86,P
73,87,P
72,89,P
72,90,P
70,93,P
64,96,P
63,95,P
61,96,P
60,96,P
60,95,P
60,94,P
60,93,P
60,92,P
60,91,P
60,90,P
60,89,P
60,88,P
60,87,P
60,86,P
60,85,P
60,84,P
60,83,P
60,82,P
59,82,P
59,81,P
59,80,P
59,79,P
59,78,P
59,77,P
58,77,P
58,76,P
58,75,P
58,74,P
57,74,P
57,73,P
57,72,P
57,71,P
56,71,P
56,70,P
56,69,P
55,69,P
55,68,P
55,67,P
54,67,P
54,66,P
53,66,P
53,65,P
53,64,P
52,64,P
52,63,P
52,62,P
51,62,P
51,61,P
50,61,P
50,60,P
49,60,P
49,59,P
49,58,P
48,58,P
48,57,P
47,57,P
47,56,P
46,56,P
45,56,P
44,56,P
43,56,P
43,55,P
43,54,P
43,53,P
42,53,P
42,52,P
41,52,P
41,51,P
40,51,P
40,50,P
39,50,P
38,50,P
38,49,P
37,49,P
37,48,P
36,48,P
35,48,P
35,47,P
34,47,P
33,47,P
33,46,P
32,46,P
31,46,P
31,45,P
30,45,P
29,45,P
28,45,P
28,44,P
27,44,P
26,44,P
25,44,P
25,43,P
24,43,P
23,43,P
22,43,P
21,43,P
20,43,P
20,42,P
19,42,P
18,42,P
17,42,P
16,42,P
15,42,P
14,42,P
13,42,P
12,42,P
11,42,P
10,42,P
9,42,P
8,42,P
7,42,P
6,42,P
9,37,P
5,40,P
5,45,P
6,46,P
4,49,P
11,44,P
12,44,P
13,44,P
14,44,P
15,44,P
16,44,P
17,44,P
18,44,P
18,45,F
19,45,P
20,45,P
21,45,P
22,45,P
23,45,P
23,46,P
24,46,P
25,46,P
26,46,P
26,47,P
27,47,P
28,47,P
29,47,P
29,48,P
30,48,P
31,48,P
31,49,P
32,49,P
33,49,P
33,50,P
34,50,P
34,51,P
34,52,P
35,52,P
35,53,P
36,53,P
37,53,P
37,54,P
38,54,P
38,55,P
39,55,P
39,56,P
40,56,P
40,57,P
40,58,P
40,59,P
41,59,P
42,59,P
43,59,P
44,59,P
44,60,P
45,60,P
45,61,P
46,61,P
46,62,P
46,63,P
47,63,P
47,64,P
48,64,P
48,65,P
49,65,P
49,66,P
49,67,P
50,67,P
50,68,P
50,69,P
51,69,P
51,70,P
52,70,P
52,71,P
52,72,P
53,72,P
53,73,P
52,75,P
53,75,P
53,76,P
53,77,P
53,78,P
54,78,P
54,79,P
54,80,P
54,81,P
55,81,P
55,82,P
55,83,P
55,84,P
55,85,P
55,86,P
56,86,P
56,87,P
56,88,P
56,89,P
56,90,P
56,91,P
56,92,P
56,93,P
55,95,P
58,94,P
57,97,P
50,94,P
46,97,P
48,93,P
46,94,P
45,94,P
45,93,P
45,92,P
45,91,P
44,91,P
44,90,P
44,89,P
44,88,P
43,88,P
43,87,P
43,86,P
43,85,P
42,85,P
42,84,P
42,83,P
41,83,P
41,82,P
41,81,P
40,81,P
40,80,P
39,80,P
39,79,P
39,78,P
38,78,P
38,77,P
38,76,P
37,76,P
37,75,P
36,75,P
36,74,P
35,74,P
35,73,P
35,72,P
34,72,P
34,71,P
33,71,P
33,70,P
32,70,P
31,70,P
30,70,P
29,70,P
29,69,P
29,68,P
29,67,P
28,67,P
28,66,P
27,66,P
27,65,P
26,65,P
26,64,P
25,64,P
24,64,P
24,63,P
23,63,P
23,62,P
22,62,P
21,62,P
21,61,P
20,61,P
19,61,P
19,60,P
18,60,P
17,60,P
17,59,P
16,59,P
15,59,P
14,59,P
14,58,P
13,58,P
12,58,P
11,58,P
11,57,P
10,57,P
9,57,P
8,57,P
7,57,P
5,58,P
4,58,P
7,53,P
6,52,P
5,62,P
6,64,P
7,65,P
9,65,P
7,68,P
13,64,P
12,66,P
12,67,P
12,68,P
12,69,P
13,69,P
13,70,P
14,70,P
15,70,P
15,71,P
16,71,P
16,72,P
17,72,P
18,72,P
18,73,P
19,73,P
19,74,P
20,74,P
20,75,P
21,75,P
21,76,P
21,77,P
21,78,P
22,78,P
23,78,P
24,78,P
25,78,P
25,79,P
26,79,P
26,80,F
27,80,F
27,81,F
27,82,P
28,82,P
28,83,P
29,83,P
29,84,P
30,84,P
30,85,P
29,87,P
30,87,P
30,88,P
30,89,P
31,89,P
31,90,P
32,90,P
32,91,P
32,92,P
32,93,P
32,94,P
38,90,P
37,92,P
35,95,P
36,96,P
40,95,P
29,93,P
25,90,P
23,89,P
23,85,P
21,85,P
19,85,P
19,82,P
16,82,P
15,80,P
13,79,P
12,76,P
30,86,P
83,86,P
84,84,P
86,81,P
87,79,P
88,77,P
89,75,P
89,74,P
90,72,P
90,71,P
91,69,P
91,68,P
91,67,P
92,65,P
92,64,P
92,63,P
92,62,P
92,61,P
92,60,P
92,59,P
92,58,P
92,57,P
92,56,P
92,55,P
92,54,P
92,53,P
92,52,P
92,51,P
92,50,P
91,50,P
91,49,P
91,48,P
91,47,P
91,46,P
91,45,P
90,45,P
90,44,P
90,43,P
90,42,P
89,42,P
89,41,P
89,40,P
89,39,P
88,39,P
88,38,P
88,37,P
87,37,P
87,36,P
87,35,P
86,35,P
86,34,P
85,34,P
85,33,P
85,32,P
84,32,P
84,31,P
84,30,P
83,30,P
83,29,P
82,29,P
82,28,P
81,28,P
81,27,P
81,26,P
80,26,P
80,25,P
79,25,P
79,24,P
78,24,P
77,24,P
76,24,P
75,24,P
75,23,P
75,22,P
75,21,P
74,21,P
74,20,P
73,20,P
73,19,P
72,19,P
72,18,P
71,18,P
70,18,P
70,17,P
69,17,P
69,16,P
68,16,P
67,16,P
67,15,P
66,15,P
65,15,P
65,14,P
64,14,P
63,14,P
63,13,P
62,13,P
61,13,P
60,13,P
60,12,P
59,12,P
58,12,P
57,12,P
57,11,P
56,11,P
55,11,P
53,12,P
52,12,P
51,12,P
51,11,P
50,11,P
49,11,P
48,11,P
47,11,P
46,11,P
45,11,P
44,11,P
43,11,P
42,11,P
41,11,P
40,11,P
39,11,P
38,11,P
37,11,P
35,12,P
34,12,P
33,12,P
32,12,P
30,13,P
29,13,P
27,14,P
26,14,P
24,15,P
22,16,P
23,13,P
15,21,P
15,22,P
16,22,P
19,20,P
21,19,P
21,20,P
23,19,F
24,19,P
26,18,P
27,18,P
28,18,P
29,18,F
31,17,P
32,17,P
33,17,P
34,17,P
35,17,P
36,17,P
37,17,P
38,17,P
39,17,P
40,17,P
41,17,P
42,17,P
43,17,P
44,17,P
45,17,P
45,18,P
46,18,P
47,18,P
48,18,P
49,18,P
50,18,F
50,19,P
51,19,P
52,19,P
53,19,P
53,20,P
54,20,P
55,20,P
56,20,P
56,21,P
57,21,P
58,21,P
58,22,P
59,22,P
60,22,P
60,23,P
61,23,P
62,23,P
62,24,P
63,24,P
63,25,P
64,25,P
65,25,P
65,26,P
66,26,P
66,27,P
67,27,P
67,28,P
68,28,P
68,29,P
68,30,P
68,31,P
69,31,P
70,31,P
71,31,P
72,31,P
72,32,P
73,32,P
73,33,P
74,33,P
74,34,P
74,35,P
75,35,P
75,36,P
76,36,P
76,37,P
77,37,P
77,38,P
77,39,P
78,39,P
78,40,P
78,41,P
79,41,P
79,42,P
80,42,P
80,43,P
80,44,P
81,44,P
81,45,P
81,46,P
82,46,P
82,47,P
82,48,P
82,49,P
83,49,P
83,50,P
83,51,P
83,52,P
84,52,P
84,53,P
84,54,P
84,55,P
84,56,P
84,57,P
85,57,P
85,58,P
85,59,P
85,60,P
85,61,P
85,62,P
85,63,P
85,64,P
85,65,P
85,66,P
85,67,P
85,68,P
85,69,P
85,70,P
85,71,P
85,72,P
84,74,P
84,75,P
84,76,P
83,78,P
83,79,P
82,81,P
82,82,P
81,84,P
80,86,P
79,88,P
76,91,P
77,88,P
77,87,P
77,86,P
78,84,P
78,83,P
79,81,P
79,80,P
79,79,P
80,77,P
80,76,P
80,75,P
80,74,P
80,73,P
80,72,P
80,71,P
80,70,P
80,69,P
80,68,P
80,67,P
80,66,P
80,65,P
80,64,P
80,63,P
80,62,P
79,62,P
79,61,P
79,60,P
79,59,P
79,58,P
79,57,P
78,57,P
78,56,P
78,55,P
78,54,P
77,54,P
77,53,P
77,52,P
77,51,P
76,51,P
76,50,P
76,49,P
75,49,P
75,48,P
75,47,P
74,47,P
74,46,P
73,46,P
73,45,P
73,44,P
72,44,P
72,43,P
72,42,P
71,42,P
71,41,P
70,41,P
70,40,P
69,40,P
69,39,P
69,38,P
68,38,P
68,37,P
67,37,P
67,36,P
66,36,P
65,36,P
64,36,P
63,36,P
63,35,P
63,34,P
63,33,P
62,33,P
62,32,P
61,32,P
61,31,P
60,31,P
60,30,P
59,30,P
58,30,P
58,29,P
57,29,P
57,28,P
56,28,P
55,28,P
55,27,P
54,27,P
53,27,P
53,26,P
52,26,P
51,26,P
51,25,P
50,25,P
49,25,P
48,25,P
48,24,P
47,24,P
46,24,P
45,24,P
45,23,P
44,23,P
43,23,P
42,23,P
41,23,P
40,23,P
40,22,P
39,22,P
38,22,P
37,22,P
36,22,P
35,22,P
34,22,P
33,22,P
32,22,P
31,22,P
30,22,P
29,22,P
28,22,P
27,22,P
26,22,P
24,23,P
23,23,P
22,23,P
21,23,P
19,24,P
18,24,P
16,25,P
15,25,P
13,26,P
9,29,P
12,30,P
12,31,P
14,30,P
15,30,P
16,30,P
17,30,P
19,29,P
20,29,P
21,29,P
22,29,P
23,29,P
24,29,P
25,29,P
26,29,P
27,29,P
28,29,P
29,29,P
30,29,P
31,29,P
32,29,P
33,29,P
33,30,P
34,30,P
35,30,P
36,30,P
37,30,P
38,30,P
38,31,P
39,31,P
40,31,P
41,31,P
41,32,P
42,32,P
43,32,P
44,32,P
44,33,P
45,33,P
46,33,P
46,34,P
47,34,P
48,34,P
48,35,P
49,35,P
50,35,P
50,36,P
51,36,P
51,37,P
52,37,P
53,37,P
53,38,P
54,38,P
54,39,P
55,39,P
55,40,P
56,40,P
56,41,P
56,42,P
56,43,P
57,43,P
58,43,P
59,43,P
60,43,P
60,44,P
61,44,P
61,45,P
62,45,P
62,46,P
62,47,P
63,47,P
63,48,P
64,48,P
64,49,P
65,49,P
65,50,P
65,51,P
66,51,P
66,52,P
66,53,P
67,53,P
67,54,P
68,54,P
68,55,P
68,56,P
69,56,P
69,57,P
69,58,P
70,58,P
70,59,P
70,60,P
70,61,P
71,61,P
71,62,P
71,63,P
71,64,P
72,64,P
72,65,P
72,66,P
72,67,P
72,68,P
72,69,P
73,69,P
73,70,P
73,71,P
73,72,P
73,73,P
73,74,P
73,75,P
73,76,P
73,77,P
73,78,P
73,79,P
73,80,P
73,81,P
73,82,P
73,83,P
73,84,P
72,86,P
72,87,P
72,88,P
71,90,P
71,91,P
69,94,P
63,97,P
62,96,P
60,97,P
59,97,P
59,96,F
59,95,P
59,94,P
59,93,P
59,92,P
59,91,P
59,90,P
59,89,P
59,88,P
59,87,F
59,86,P
59,85,P
59,84,P
59,83,P
58,83,P
58,82,P
58,81,P
58,80,P
58,79,P
58,78,P
57,78,P
57,77,P
57,76,P
57,75,P
56,75,P
56,74,P
56,73,P
56,72,P
55,72,P
55,71,P
55,70,P
54,70,P
54,69,P
54,68,P
53,68,P
53,67,P
52,67,P
52,66,P
52,65,P
51,65,P
51,64,P
51,63,P
50,63,P
50,62,P
49,62,P
49,61,P
48,61,P
48,60,P
48,59,P
47,59,P
47,58,P
46,58,P
46,57,P
45,57,P
44,57,P
43,57,P
42,57,P
42,56,P
42,55,P
42,54,P
41,54,P
41,53,P
40,53,P
40,52,P
39,52,P
39,51,P
38,51,P
37,51,P
37,50,P
36,50,P
36,49,P
35,49,P
34,49,P
34,48,P
33,48,P
32,48,P
32,47,P
31,47,P
30,47,P
30,46,P
29,46,P
28,46,P
27,46,P
27,45,P
26,45,P
25,45,P
24,45,P
24,44,P
23,44,P
22,44,P
21,44,P
20,44,P
19,44,P
19,43,P
18,43,P
17,43,P
16,43,P
15,43,P
14,43,P
13,43,P
12,43,P
11,43,P
10,43,P
9,43,P
8,43,P
7,43,P
6,43,P
5,43,P
8,38,P
7,37,P
4,46,P
5,47,P
10,44,P
10,45,P
11,45,P
12,45,P
13,45,P
14,45,P
15,45,P
16,45,P
17,45,P
17,46,P
18,46,P
19,46,P
20,46,P
21,46,P
22,46,P
22,47,P
23,47,P
24,47,P
25,47,P
25,48,P
26,48,P
27,48,P
28,48,P
28,49,P
29,49,P
30,49,P
30,50,P
31,50,P
32,50,P
32,51,P
33,51,P
33,52,P
33,53,P
34,53,P
34,54,P
35,54,P
36,54,P
36,55,P
37,55,P
37,56,P
38,56,P
38,57,P
39,57,P
39,58,P
39,59,P
39,60,P
40,60,P
41,60,P
42,60,P
43,60,P
43,61,P
44,61,P
44,62,P
45,62,P
45,63,P
45,64,P
46,64,P
46,65,P
47,65,P
47,66,P
48,66,P
48,67,P
48,68,P
49,68,P
49,69,P
49,70,P
50,70,P
50,71,P
51,71,P
51,72,P
51,73,P
52,73,P
52,74,P
51,76,P
52,76,P
52,77,P
52,78,P
52,79,P
53,79,P
53,80,P
53,81,P
53,82,P
54,82,P
54,83,P
54,84,P
54,85,P
54,86,P
54,87,P
55,87,P
55,88,P
55,89,P
55,90,P
55,91,P
55,92,P
55,93,P
55,94,P
54,96,P
57,95,P
58,97,P
49,95,P
50,92,P
47,94,P
45,95,P
44,95,P
44,94,P
44,93,P
44,92,P
43,92,P
43,91,P
43,90,P
43,89,P
42,89,P
42,88,P
42,87,P
42,86,P
41,86,P
41,85,P
41,84,P
40,84,P
40,83,P
40,82,P
39,82,P
39,81,P
38,81,P
38,80,P
38,79,P
37,79,P
37,78,P
37,77,P
36,77,P
36,76,P
35,76,P
35,75,P
34,75,P
34,74,P
34,73,P
33,73,P
33,72,P
32,72,P
32,71,P
31,71,P
30,71,P
29,71,P
28,71,P
28,70,P
28,69,P
28,68,P
27,68,P
27,67,P
26,67,P
26,66,P
25,66,P
25,65,P
24,65,P
23,65,P
23,64,P
22,64,P
22,63,P
21,63,P
20,63,P
20,62,P
19,62,P
18,62,P
18,61,P
17,61,P
16,61,P
16,60,P
15,60,P
14,60,P
13,60,P
13,59,P
12,59,P
11,59,P
10,59,P
10,58,P
9,58,P
8,58,P
7,58,P
6,58,P
4,59,P
9,52,P
6,54,P
5,53,P
7,61,P
9,62,P
6,66,P
8,66,P
13,63,P
12,65,P
11,67,P
11,68,P
11,69,P
11,70,P
12,70,P
12,71,P
13,71,P
14,71,P
14,72,P
15,72,P
15,73,P
16,73,P
17,73,P
17,74,P
18,74,P
18,75,P
19,75,P
19,76,P
20,76,P
20,77,P
20,78,P
20,79,P
21,79,P
22,79,P
23,79,P
24,79,P
24,80,P
25,80,P
25,81,P
26,81,F
26,82,F
26,83,P
27,83,P
27,84,P
28,84,P
28,85,P
29,85,P
29,86,P
28,88,P
29,88,P
29,89,P
29,90,P
30,90,P
30,91,P
31,91,P
31,92,P
31,93,P
31,94,P
38,89,P
37,91,P
36,93,P
39,92,P
40,93,P
39,96,P
28,92,P
26,88,P
24,87,P
22,86,P
20,86,P
21,82,P
18,83,P
17,80,P
16,78,P
14,77,P
12,75,P
37,95,P
82,87,P
83,85,P
85,82,P
86,80,P
87,78,P
88,76,P
88,75,P
89,73,P
89,72,P
90,70,P
90,69,P
90,68,P
91,66,P
91,65,P
91,64,P
91,63,P
91,62,P
91,61,P
91,60,P
91,59,P
91,58,P
91,57,P
91,56,P
91,55,P
91,54,P
91,53,P
91,52,P
91,51,P
90,51,P
90,50,P
90,49,P
90,48,P
90,47,P
90,46,F
89,46,P
89,45,P
89,44,P
89,43,P
88,43,P
88,42,P
88,41,P
88,40,P
87,40,P
87,39,P
87,38,P
86,38,P
86,37,P
86,36,P
85,36,P
85,35,P
84,35,P
84,34,P
84,33,P
83,33,P
83,32,P
83,31,P
82,31,P
82,30,P
81,30,P
81,29,P
80,29,P
80,28,P
80,27,F
79,27,P
79,26,P
78,26,P
78,25,P
77,25,P
76,25,P
75,25,P
74,25,P
74,24,P
74,23,P
74,22,P
73,22,P
73,21,P
72,21,P
72,20,P
71,20,P
71,19,P
70,19,P
69,19,P
69,18,P
68,18,P
68,17,P
67,17,P
66,17,P
66,16,P
65,16,P
64,16,P
64,15,P
63,15,P
62,15,P
62,14,P
61,14,P
60,14,P
59,14,P
59,13,P
58,13,P
57,13,P
56,13,P
56,12,P
55,12,P
54,12,P
59,5,P
58,5,P
58,4,P
57,4,P
56,4,P
55,4,P
54,4,P
53,4,P
52,4,P
51,4,P
50,4,P
49,4,P
48,4,P
47,4,P
46,4,P
45,4,P
44,4,P
42,5,P
41,5,P
40,5,P
39,5,P
37,6,P
36,6,P
34,7,P
33,7,P
31,8,P
29,9,P
27,10,P
22,14,P
14,22,P
14,23,P
15,23,P
18,21,P
20,20,P
20,21,P
22,20,P
23,20,P
25,19,P
26,19,P
27,19,P
28,19,P
30,18,P
31,18,P
32,18,P
33,18,P
34,18,P
35,18,P
36,18,P
37,18,P
38,18,P
39,18,P
40,18,P
41,18,P
42,18,P
43,18,P
44,18,P
44,19,P
45,19,P
46,19,P
47,19,P
48,19,P
49,19,P
49,20,P
50,20,P
51,20,P
52,20,P
52,21,P
53,21,P
54,21,P
55,21,P
55,22,P
56,22,P
57,22,P
57,23,P
58,23,P
59,23,P
59,24,P
60,24,P
61,24,P
61,25,P
62,25,P
62,26,P
63,26,P
64,26,P
64,27,P
65,27,P
65,28,P
66,28,P
66,29,P
67,29,P
67,30,P
67,31,P
67,32,P
68,32,P
69,32,P
70,32,P
71,32,P
71,33,P
72,33,P
72,34,P
73,34,P
73,35,P
73,36,P
74,36,P
74,37,P
75,37,P
75,38,P
76,38,P
76,39,P
76,40,P
77,40,P
77,41,P
77,42,P
78,42,P
78,43,P
79,43,P
79,44,P
79,45,P
80,45,P
80,46,P
80,47,P
81,47,P
81,48,P
81,49,P
81,50,P
82,50,P
82,51,P
82,52,P
82,53,P
83,53,P
83,54,P
83,55,P
83,56,P
83,57,P
83,58,P
84,58,P
84,59,P
84,60,P
84,61,P
84,62,P
84,63,P
84,64,P
84,65,P
84,66,P
84,67,P
84,68,P
84,69,P
84,70,P
84,71,P
84,72,P
84,73,P
83,75,P
83,76,P
83,77,P
82,79,P
82,80,P
81,82,P
81,83,P
80,85,P
79,87,P
78,89,P
75,92,P
76,89,P
76,88,P
76,87,P
77,85,P
77,84,P
78,82,P
78,81,P
78,80,P
79,78,P
79,77,P
79,76,P
79,75,P
79,74,P
79,73,P
79,72,P
79,71,P
79,70,P
79,69,P
79,68,P
79,67,P
79,66,P
79,65,P
79,64,P
79,63,P
78,63,P
78,62,P
78,61,P
78,60,P
78,59,P
78,58,P
77,58,P
77,57,P
77,56,P
77,55,P
76,55,P
76,54,P
76,53,P
76,52,P
75,52,P
75,51,P
75,50,P
74,50,P
74,49,P
74,48,P
73,48,P
73,47,P
72,47,P
72,46,P
72,45,P
71,45,P
71,44,P
71,43,P
70,43,P
70,42,P
69,42,P
69,41,P
68,41,P
68,40,P
68,39,P
67,39,P
67,38,P
66,38,P
66,37,P
65,37,P
64,37,P
63,37,P
62,37,P
62,36,P
62,35,P
62,34,P
61,34,P
61,33,P
60,33,P
60,32,P
59,32,P
59,31,P
58,31,P
57,31,P
57,30,P
56,30,P
56,29,P
55,29,P
54,29,P
54,28,P
53,28,P
52,28,P
52,27,P
51,27,P
50,27,P
50,26,P
49,26,P
48,26,P
47,26,P
47,25,P
46,25,P
45,25,P
44,25,P
44,24,P
43,24,P
42,24,P
41,24,P
40,24,P
39,24,P
39,23,P
38,23,P
37,23,P
36,23,P
35,23,P
34,23,P
33,23,P
32,23,P
31,23,P
30,23,P
29,23,P
28,23,P
27,23,P
26,23,P
25,23,P
23,24,P
22,24,F
21,24,P
20,24,P
18,25,P
17,25,P
15,26,P
14,26,P
12,27,P
9,31,P
11,31,P
11,32,P
13,31,P
14,31,P
15,31,P
16,31,P
18,30,P
19,30,P
20,30,P
21,30,P
22,30,P
23,30,P
24,30,P
25,30,F
26,30,F
27,30,P
28,30,P
29,30,P
30,30,P
31,30,P
32,30,P
32,31,P
33,31,P
34,31,P
35,31,P
36,31,P
37,31,P
37,32,P
38,32,P
39,32,P
40,32,P
40,33,P
41,33,P
42,33,P
43,33,P
43,34,P
44,34,P
45,34,P
45,35,P
46,35,P
47,35,P
47,36,P
48,36,P
49,36,P
49,37,P
50,37,P
50,38,P
51,38,P
52,38,P
52,39,P
53,39,P
53,40,P
54,40,P
54,41,P
55,41,P
55,42,P
55,43,P
55,44,P
56,44,P
57,44,P
58,44,P
59,44,P
59,45,P
60,45,P
60,46,P
61,46,P
61,47,P
61,48,P
62,48,P
62,49,P
63,49,P
63,50,P
64,50,P
64,51,P
64,52,P
65,52,P
65,53,P
65,54,P
66,54,P
66,55,P
67,55,P
67,56,P
67,57,P
68,57,P
68,58,P
68,59,P
69,59,P
69,60,P
69,61,P
69,62,P
70,62,P
70,63,P
70,64,P
70,65,P
71,65,P
71,66,P
71,67,P
71,68,P
71,69,P
71,70,P
72,70,P
72,71,P
72,72,P
72,73,P
72,74,P
72,75,P
72,76,P
72,77,P
72,78,P
72,79,P
72,80,P
72,81,P
72,82,P
72,83,P
72,84,P
72,85,P
71,87,P
71,88,P
71,89,P
70,91,P
70,92,P
68,95,P
65,94,P
61,97,P
66,90,P
66,89,P
66,88,P
66,87,P
66,86,P
66,85,P
66,84,P
66,83,P
66,82,P
66,81,P
66,80,P
66,79,P
66,78,P
66,77,P
66,76,P
65,76,P
65,75,P
65,74,P
65,73,P
65,72,P
65,71,P
64,71,P
64,70,P
64,69,P
64,68,P
63,68,P
63,67,P
63,66,P
63,65,P
62,65,P
62,64,P
62,63,P
61,63,P
61,62,P
61,61,P
60,61,P
60,60,P
59,60,P
59,59,P
59,58,P
58,58,P
58,57,P
58,56,P
57,56,P
57,55,P
56,55,P
56,54,P
55,54,P
55,53,P
55,52,P
54,52,P
54,51,P
53,51,P
53,50,P
52,50,P
51,50,P
50,50,P
49,50,P
49,49,P
49,48,P
49,47,P
48,47,P
48,46,P
47,46,P
47,45,P
46,45,P
46,44,P
45,44,P
44,44,P
44,43,P
43,43,P
43,42,P
42,42,P
41,42,P
41,41,P
40,41,P
39,41,P
39,40,P
38,40,P
37,40,P
37,39,P
36,39,P
35,39,P
34,39,P
34,38,P
33,38,P
32,38,P
31,38,P
31,37,P
30,37,P
29,37,P
28,37,P
27,37,P
26,37,P
26,36,P
25,36,P
24,36,P
23,36,P
22,36,P
21,36,P
20,36,P
19,36,P
18,36,P
17,36,P
16,36,F
15,36,F
14,36,P
13,36,P
12,36,P
10,37,P
7,39,P
6,38,P
7,44,P
4,48,P
9,45,P
9,46,P
10,46,P
11,46,P
12,46,P
13,46,P
14,46,P
15,46,P
16,46,P
16,47,P
17,47,P
18,47,P
19,47,P
20,47,P
21,47,P
21,48,P
22,48,P
23,48,P
24,48,P
24,49,P
25,49,P
26,49,P
27,49,P
27,50,P
28,50,P
29,50,P
29,51,P
30,51,P
31,51,P
31,52,P
32,52,P
32,53,P
32,54,P
33,54,P
33,55,P
34,55,P
35,55,P
35,56,P
36,56,P
36,57,P
37,57,P
37,58,P
38,58,P
38,59,P
38,60,P
38,61,F
39,61,P
40,61,P
41,61,P
42,61,P
42,62,P
43,62,P
43,63,P
44,63,P
44,64,P
44,65,P
45,65,P
45,66,P
46,66,P
46,67,P
47,67,P
47,68,P
47,69,P
48,69,P
48,70,P
48,71,P
49,71,P
49,72,P
50,72,P
50,73,P
50,74,P
51,74,P
51,75,P
50,77,P
51,77,P
51,78,P
51,79,P
51,80,P
52,80,P
52,81,P
52,82,P
52,83,P
53,83,P
53,84,P
53,85,P
53,86,P
53,87,P
53,88,P
54,88,P
54,89,P
54,90,P
54,91,P
54,92,P
54,93,P
54,94,P
54,95,P
53,97,P
56,96,P
50,97,P
48,96,P
49,93,P
46,95,P
44,96,P
43,96,P
43,95,P
43,94,P
43,93,P
42,93,P
42,92,P
42,91,P
42,90,P
41,90,P
41,89,P
41,88,P
41,87,P
40,87,P
40,86,P
40,85,P
39,85,P
39,84,P
39,83,P
38,83,P
38,82,P
37,82,P
37,81,F
37,80,P
36,80,F
36,79,P
36,78,F
35,78,P
35,77,P
34,77,P
34,76,P
33,76,P
33,75,F
33,74,P
32,74,F
32,73,F
31,73,F
31,72,P
30,72,P
29,72,P
28,72,P
27,72,P
27,71,P
27,70,P
27,69,P
26,69,P
26,68,P
25,68,P
25,67,P
24,67,P
24,66,P
23,66,P
22,66,P
22,65,P
21,65,P
21,64,P
20,64,P
19,64,P
19,63,P
18,63,P
17,63,P
17,62,P
16,62,P
15,62,P
15,61,P
14,61,P
13,61,P
12,61,P
12,60,P
11,60,P
10,60,P
9,60,P
9,59,P
8,59,P
7,59,P
6,59,P
5,59,P
10,52,P
8,53,P
5,55,P
4,54,P
6,62,P
8,63,P
10,63,P
7,67,P
12,64,P
11,66,P
10,68,P
10,69,P
10,70,P
10,71,P
11,71,P
11,72,P
12,72,P
13,72,P
13,73,P
14,73,P
14,74,P
15,74,P
16,74,P
16,75,P
17,75,P
17,76,P
18,76,P
18,77,P
19,77,P
19,78,P
19,79,P
19,80,P
20,80,P
21,80,P
22,80,P
23,80,P
23,81,P
24,81,P
24,82,P
25,82,P
25,83,P
25,84,P
26,84,P
26,85,P
27,85,P
27,86,P
28,86,P
28,87,P
27,89,P
28,89,P
28,90,P
28,91,P
29,91,P
29,92,P
30,92,P
30,93,P
38,87,P
38,88,P
37,90,P
36,92,P
35,94,P
38,93,P
39,94,P
41,95,P
27,92,P
25,89,P
23,88,P
21,87,P
22,83,P
20,83,P
17,84,P
16,81,P
15,79,P
13,78,P
11,76,P
